197.11 529.41482 0.027130794 39.181971 -86.5218943333
193.81 529.41482 0.027130794 39.1819708333 -86.5218943333
194.53 529.41482 0.027130794 39.1819708333 -86.5218943333
194.02 529.41482 0.027130794 39.1819708333 -86.5218941667
194.33 529.41482 0.027130794 39.1819708333 -86.5218941667
194.64 529.41482 0.027130794 39.1819708333 -86.5218941667
198.31 529.41482 0.027130794 39.1819708333 -86.5218941667
198.31 529.41482 0.027130794 39.1819708333 -86.5218941667
196.19 529.41482 0.027130794 39.1819708333 -86.5218941667
195.27 529.41482 0.027130794 39.1819708333 -86.5218941667
194.33 529.44195 0.0811533852803 39.1819708333 -86.5218941667
194.33 529.44195 0.0811533852803 39.1819708333 -86.5218941667
194.44 529.44195 0.0811533852803 39.1819708333 -86.5218941667
193.07 529.44195 0.0811533852803 39.1819708333 -86.5218941667
193.49 530.20159 0.0731887962104 39.1819708333 -86.5218941667
193.49 530.22872 0.0722043752495 39.1819708333 -86.521894
192.55 530.25585 0.0725928896904 39.1819708333 -86.521894
193.69 530.31011 0.0764784144372 39.1819708333 -86.521894
194.22 530.33724 0.0842597409857 39.1819708333 -86.521894
194.22 530.3915 0.235314269359 39.1819695 -86.5218933333
193.91 530.44576 0.424854664182 39.1819695 -86.5218933333
195.57 530.52715 0.538106547135 39.1819686667 -86.5218936667
195.46 530.58141 0.597871129818 39.1819686667 -86.5218936667
195.46 530.6628 0.666375055264 39.1819675 -86.521894
196.07 530.74419 0.722524474035 39.1819675 -86.521894
196.5 530.82558 0.770345381754 39.1819661667 -86.5218943333
196.5 530.90697 0.810430862981 39.1819661667 -86.5218943333
196.5 530.98836 0.837913277124 39.1819648333 -86.5218946667
196.31 531.06975 0.863295701149 39.1819648333 -86.5218946667
195.57 531.15114 0.88697508827 39.1819633333 -86.5218951667
196.62 531.25966 0.921343226814 39.1819633333 -86.5218951667
196.31 531.34105 0.941812545562 39.1819618333 -86.5218956667
197.71 531.44957 0.969199228379 39.1819618333 -86.5218956667
197.71 531.55809 0.993656387343 39.1819601667 -86.521896
197.06 531.66661 1.01264534189 39.1819601667 -86.521896
197.67 531.748 1.03135383563 39.1819585 -86.5218965
200.66 531.85652 1.0599208501 39.1819585 -86.5218965
200.66 531.96504 1.08185636813 39.1819566667 -86.5218971667
200.07 532.10069 1.10422442002 39.1819566667 -86.5218971667
201.11 532.20921 1.11351504207 39.1819548333 -86.521898
202.61 532.31773 1.11566716013 39.1819548333 -86.521898
202.61 532.42625 1.11921100615 39.181953 -86.521899
207.13 532.53477 1.12913242883 39.181953 -86.521899
210.43 532.64329 1.13970989288 39.1819513333 -86.5219003333
214.95 532.77894 1.14727647158 39.1819513333 -86.5219003333
214.95 532.88746 1.15117082485 39.1819496667 -86.5219016667
217.35 532.99598 1.16022895997 39.1819496667 -86.5219016667
218.08 533.13163 1.18283969133 39.1819496667 -86.5219016667
220.57 533.24015 1.19724610564 39.181948 -86.5219033333
220.57 533.34867 1.20180704319 39.1819465 -86.521905
222.58 533.48432 1.20367320319 39.1819465 -86.521905
225.83 533.59284 1.21114209187 39.181945 -86.521907
228.85 533.72849 1.23248961977 39.181945 -86.521907
232.04 533.86414 1.25107414922 39.1819435 -86.521909
232.04 533.97266 1.25721936979 39.1819435 -86.521909
233.8 534.10831 1.26148667876 39.181942 -86.5219111667
236.45 534.24396 1.27722408436 39.181942 -86.5219111667
239.59 534.35248 1.29477875346 39.1819408333 -86.5219135
244.11 534.48813 1.30643780999 39.1819408333 -86.5219135
244.11 534.62378 1.30883274639 39.1819396667 -86.521916
247.34 534.75943 1.31638981077 39.1819396667 -86.521916
250.31 534.89508 1.33268464486 39.1819386667 -86.5219188333
253.07 535.03073 1.35349433774 39.1819386667 -86.5219188333
253.07 535.16638 1.36562108018 39.181938 -86.5219216667
255.83 535.30203 1.38105339781 39.181938 -86.5219216667
258.53 535.43768 1.39914362333 39.1819371667 -86.5219246667
261.97 535.57333 1.4118121455 39.1819371667 -86.5219246667
261.97 535.73611 1.41284143103 39.1819366667 -86.5219276667
265.07 535.87176 1.41549506965 39.1819366667 -86.5219276667
267.76 536.00741 1.43117550245 39.1819363333 -86.5219311667
270.03 536.17019 1.45037923661 39.1819363333 -86.5219311667
270.03 536.30584 1.45528048061 39.1819363333 -86.5219343333
272.7 536.44149 1.46155222755 39.1819363333 -86.5219343333
276.49 536.60427 1.48841310072 39.1819363333 -86.5219378333
282.68 536.73992 1.50776892297 39.1819363333 -86.5219378333
282.68 536.9027 1.51003473034 39.1819366667 -86.5219411667
285.61 537.06548 1.51306642128 39.1819366667 -86.5219411667
288.79 537.20113 1.52214957361 39.1819373333 -86.5219446667
291.77 537.36391 1.52780684762 39.1819373333 -86.5219446667
294.0 537.49956 1.53298643915 39.1819381667 -86.521948
294.0 537.66234 1.53811406542 39.1819381667 -86.521948
297.37 537.82512 1.55486239899 39.1819391667 -86.5219511667
300.39 537.9879 1.57179734662 39.1819391667 -86.5219511667
303.58 538.15068 1.5659006118 39.1819403333 -86.5219545
307.06 538.28633 1.57380323685 39.1819403333 -86.5219545
307.06 538.44911 1.58483521234 39.181942 -86.5219576667
310.92 538.61189 1.59405370153 39.181942 -86.5219576667
313.14 538.77467 1.59715040914 39.1819436667 -86.5219603333
316.4 538.93745 1.60290641616 39.1819436667 -86.5219603333
316.4 539.10023 1.61598630055 39.1819455 -86.5219631667
322.64 539.26301 1.61569759409 39.1819455 -86.5219631667
326.25 539.42579 1.61887905006 39.1819476667 -86.5219656667
328.73 539.58857 1.62761977323 39.1819476667 -86.5219656667
328.73 539.75135 1.64011570548 39.1819498333 -86.521968
330.29 539.91413 1.65542705473 39.1819498333 -86.521968
332.11 540.07691 1.67205682238 39.1819523333 -86.52197
331.74 540.23969 1.68870870161 39.1819523333 -86.52197
331.74 540.4296 1.69165693977 39.1819548333 -86.5219718333
336.27 540.59238 1.68807827277 39.1819548333 -86.5219718333
337.93 540.75516 1.69928560691 39.1819576667 -86.5219735
340.16 540.91794 1.69949849662 39.1819576667 -86.5219735
340.16 541.10785 1.69419220682 39.1819603333 -86.5219751667
342.38 541.27063 1.70709079469 39.1819603333 -86.5219751667
344.66 541.43341 1.71768243115 39.1819631667 -86.5219766667
346.55 541.62332 1.7265364643 39.1819631667 -86.5219766667
350.47 541.7861 1.71931520913 39.181966 -86.5219778333
350.47 541.94888 1.71659563429 39.181966 -86.5219778333
351.97 542.13879 1.73016988712 39.181969 -86.5219786667
353.43 542.30157 1.72073279635 39.181969 -86.5219786667
straight
355.52 542.46435 1.72106026389 39.181972 -86.5219793333
357.59 542.65426 1.73404026588 39.181972 -86.5219793333
357.59 542.81704 1.74239252456 39.1819751667 -86.52198
0.24 543.00695 1.72961838582 39.1819751667 -86.52198
2.55 543.16973 1.75478908221 39.1819781667 -86.5219803333
3.49 543.33251 1.74452121914 39.1819781667 -86.5219803333
3.49 543.52242 1.72248073138 39.1819811667 -86.5219801667
5.29 543.6852 1.748681534 39.1819811667 -86.5219801667
5.64 543.87511 1.74116249519 39.1819841667 -86.52198
5.34 544.03789 1.75683442336 39.1819841667 -86.52198
5.34 544.2278 1.75467559177 39.1819871667 -86.5219798333
6.75 544.39058 1.75820063509 39.1819871667 -86.5219798333
8.03 544.58049 1.78421636196 39.1819901667 -86.5219795
8.53 544.74327 1.77418218676 39.1819901667 -86.5219795
8.53 544.93318 1.74261635301 39.1819931667 -86.5219791667
8.82 545.17735 1.74295220352 39.1819931667 -86.5219791667
8.39 545.28587 1.74620544507 39.1819961667 -86.5219786667
9.34 545.44865 1.75615211341 39.1819961667 -86.5219786667
9.34 545.63856 1.74463339978 39.1819991667 -86.5219783333
10.58 545.80134 1.73681544075 39.1819991667 -86.5219783333
11.45 545.96412 1.73570430555 39.1820023333 -86.5219778333
12.11 546.15403 1.72928765377 39.1820023333 -86.5219778333
12.4 546.31681 1.72499961851 39.1820051667 -86.5219771667
12.4 546.47959 1.72379401487 39.1820051667 -86.5219771667
13.83 546.6695 1.72895704818 39.1820081667 -86.5219765
15.06 546.83228 1.71953314742 39.1820081667 -86.5219765
14.78 546.99506 1.71442616114 39.182011 -86.5219756667
14.03 547.18497 1.72478029243 39.182011 -86.5219756667
14.03 547.34775 1.72182483975 39.182014 -86.521975
15.28 547.51053 1.7087034891 39.182014 -86.521975
13.36 547.70044 1.70227092483 39.1820168333 -86.5219741667
12.78 547.86322 1.70601735522 39.1820168333 -86.5219741667
12.78 548.026 1.70163033116 39.1820196667 -86.5219735
12.78 548.18878 1.68681882616 39.1820196667 -86.5219735
11.89 548.37869 1.68786823442 39.1820226667 -86.5219728333
11.8 548.54147 1.68870870161 39.1820226667 -86.5219728333
11.8 548.70425 1.69049747648 39.1820255 -86.5219721667
11.89 548.86703 1.67691414797 39.1820255 -86.5219721667
11.3 549.02981 1.66620364798 39.1820283333 -86.5219716667
10.32 549.21972 1.66640832873 39.1820283333 -86.5219716667
10.32 549.3825 1.66069621105 39.1820313333 -86.5219711667
9.94 549.54528 1.64051239569 39.1820313333 -86.5219711667
9.94 549.70806 1.63823404384 39.1820341667 -86.5219706667
9.34 549.87084 1.64648585993 39.1820341667 -86.5219706667
9.34 550.03362 1.64638594575 39.182037 -86.5219701667
9.04 550.25066 1.6347791034 39.182037 -86.5219701667
8.74 550.35918 1.62859679453 39.1820398333 -86.5219698333
7.77 550.52196 1.63448364359 39.1820398333 -86.5219698333
7.77 550.68474 1.63853086122 39.1820426667 -86.5219693333
7.47 550.84752 1.62352905272 39.1820426667 -86.5219693333
7.47 551.0103 1.61762425471 39.1820455 -86.5219691667
7.41 551.17308 1.6243066515 39.1820455 -86.5219691667
7.41 551.33586 1.62420941092 39.1820483333 -86.5219688333
6.5 551.49864 1.62091014458 39.1820483333 -86.5219688333
6.5 551.66142 1.6174313819 39.1820511667 -86.5219685
6.2 551.8242 1.62149139374 39.1820511667 -86.5219685
5.6 551.98698 1.62859679453 39.182054 -86.5219683333
4.99 552.20402 1.61358356132 39.182054 -86.5219683333
4.99 552.31254 1.60870406167 39.1820568333 -86.5219681667
turn
4.69 552.47532 1.62149139374 39.1820568333 -86.5219681667
4.34 552.6381 1.62314053246 39.1820596667 -86.5219681667
3.73 552.80088 1.62061967624 39.1820596667 -86.5219681667
3.73 552.96366 1.61849275189 39.1820623333 -86.521968
3.43 553.12644 1.61955551576 39.1820623333 -86.521968
3.13 553.28922 1.62957498949 39.1820651667 -86.521968
2.82 553.452 1.61839620616 39.1820651667 -86.521968
2.82 553.58765 1.60651314543 39.182068 -86.521968
2.52 553.83182 1.6205228766 39.182068 -86.521968
2.48 553.91321 1.62557183942 39.182068 -86.521968
2.21 554.07599 1.62226704138 39.1820708333 -86.5219681667
1.57 554.23877 1.61714215891 39.1820736667 -86.5219681667
1.57 554.40155 1.6205228766 39.1820736667 -86.5219681667
1.27 554.56433 1.62801044104 39.1820763333 -86.5219683333
0.97 554.72711 1.62957498949 39.1820763333 -86.5219683333
0.69 554.88989 1.61839620616 39.1820791667 -86.5219686667
0.69 555.05267 1.61166650826 39.1820791667 -86.5219686667
0.36 555.21545 1.62654640288 39.182082 -86.5219686667
0.38 555.37823 1.63163302863 39.182082 -86.5219686667
0.09 555.54101 1.62187912482 39.1820846667 -86.521969
0.07 555.70379 1.61858930915 39.1820846667 -86.521969
0.07 555.86657 1.62537706686 39.1820846667 -86.521969
359.46 556.02935 1.63448364359 39.1820875 -86.5219691667
359.47 556.19213 1.61550518042 39.1820901667 -86.5219695
359.8 556.35491 1.60480267361 39.1820901667 -86.5219695
359.8 556.51769 1.61598630055 39.182093 -86.5219696667
359.77 556.68047 1.62236404951 39.182093 -86.5219696667
357.62 556.84325 1.61329571267 39.1820956667 -86.52197
359.47 557.00603 1.60717931402 39.1820956667 -86.52197
359.47 557.16881 1.61004059106 39.1820985 -86.5219701667
359.47 557.33159 1.61675668911 39.1820985 -86.5219701667
356.07 557.49437 1.60432818875 39.1821011667 -86.5219705
356.69 557.65715 1.58845398126 39.1821011667 -86.5219705
356.69 557.7928 1.59059588439 39.182104 -86.5219708333
353.01 557.95558 1.60309584023 39.182104 -86.5219708333
351.75 558.11836 1.60356959631 39.1821066667 -86.5219713333
349.57 558.28114 1.60016478915 39.1821066667 -86.5219713333
347.68 558.44392 1.58511299369 39.1821093333 -86.521972
347.68 558.6067 1.58975706082 39.1821093333 -86.521972
344.28 558.76948 1.58576152902 39.182112 -86.5219728333
341.61 558.93226 1.58123289428 39.182112 -86.5219728333
338.39 559.06791 1.57709666919 39.1821146667 -86.5219743333
338.39 559.23069 1.58178603078 39.1821146667 -86.5219743333
335.17 559.39347 1.59997605709 39.182117 -86.521976
330.76 559.55625 1.61262446505 39.182117 -86.521976
328.43 559.71903 1.60889485857 39.1821193333 -86.5219778333
324.69 559.88181 1.60281172092 39.1821193333 -86.5219778333
324.69 560.04459 1.6104228646 39.1821216667 -86.52198
321.4 560.20737 1.61109228029 39.1821216667 -86.52198
319.66 560.37015 1.62527969808 39.1821238333 -86.5219825
316.17 560.53293 1.63389304426 39.1821238333 -86.5219825
316.17 560.69571 1.6455870686 39.1821258333 -86.5219851667
313.85 560.85849 1.65069323436 39.1821258333 -86.5219851667
311.26 561.02127 1.66456801031 39.1821275 -86.521988
308.49 561.18405 1.66866314041 39.1821275 -86.521988
308.49 561.34683 1.66886842591 39.182129 -86.5219911667
306.34 561.591 1.6867139571 39.182129 -86.5219911667
303.71 561.69952 1.6972658117 39.1821305 -86.5219943333
301.07 561.8623 1.71833517006 39.1821305 -86.5219943333
301.07 562.02508 1.71637843993 39.1821316667 -86.5219978333
298.3 562.35064 1.72939788373 39.1821316667 -86.5219978333
295.96 562.37777 1.7312739455 39.1821326667 -86.5220015
290.87 562.56768 1.73904198449 39.1821326667 -86.5220015
290.87 562.73046 1.74261635301 39.1821335 -86.5220053333
288.98 562.92037 1.75842854365 39.1821335 -86.5220053333
285.98 563.08315 1.77001526618 39.1821335 -86.5220053333
283.65 563.27306 1.77650563122 39.182134 -86.5220091667
280.73 563.43584 1.79365291551 39.1821345 -86.522013
278.15 563.62575 1.79638442694 39.1821345 -86.522013
278.15 563.78853 1.79662234289 39.1821345 -86.522017
275.32 563.97844 1.81646987145 39.1821345 -86.522017
straight
272.42 564.16835 1.84287420187 39.1821343333 -86.5220211667
270.28 564.35826 1.85547763644 39.1821343333 -86.5220211667
270.28 564.54817 1.87289755626 39.182134 -86.5220253333
268.47 564.73808 1.89527027593 39.182134 -86.5220253333
266.63 564.92799 1.90914038421 39.1821335 -86.5220295
265.51 565.1179 1.91290939858 39.1821335 -86.5220295
265.51 565.30781 1.93528739568 39.182133 -86.5220338333
264.02 565.49772 1.95635953274 39.182133 -86.5220338333
262.54 565.71476 1.96471822724 39.1821325 -86.5220381667
260.99 565.90467 1.96671214208 39.1821325 -86.5220381667
260.99 566.09458 1.98020538647 39.1821316667 -86.5220425
260.29 566.28449 1.99037444061 39.1821316667 -86.5220425
259.09 566.50153 2.00493600355 39.1821306667 -86.5220468333
257.93 566.69144 2.01730939103 39.1821306667 -86.5220468333
257.93 566.90848 2.0397559582 39.1821296667 -86.522051
256.45 567.17978 2.03135624438 39.1821296667 -86.522051
254.92 567.31543 2.04390492692 39.1821285 -86.5220553333
253.82 567.50534 2.04822542654 39.1821285 -86.5220553333
252.82 567.72238 2.05271952788 39.1821271667 -86.5220596667
252.82 567.93942 2.07231851512 39.1821271667 -86.5220596667
251.13 568.12933 2.09116648682 39.1821256667 -86.522064
249.87 568.34637 2.10023176962 39.1821256667 -86.522064
248.03 568.56341 2.0960131335 39.182124 -86.5220681667
248.03 568.75332 2.11397802712 39.182124 -86.5220681667
247.57 568.97036 2.11595648105 39.1821223333 -86.5220721667
247.46 569.1874 2.12507198245 39.1821223333 -86.5220721667
247.6 569.40444 2.1320859725 39.1821205 -86.5220765
248.44 569.62148 2.14914401141 39.1821205 -86.5220765
248.44 569.83852 2.15101831444 39.182119 -86.5220808333
248.91 570.05556 2.16440319107 39.182119 -86.5220808333
249.85 570.2726 2.1781305395 39.1821173333 -86.5220851667
249.75 570.48964 2.16959568173 39.1821173333 -86.5220851667
249.75 570.70668 2.17848032761 39.1821155 -86.5220896667
250.02 570.92372 2.19593638203 39.1821155 -86.5220896667
250.96 571.14076 2.20271121215 39.1821141667 -86.5220941667
251.14 571.3578 2.21910633077 39.1821141667 -86.5220941667
251.14 571.60197 2.21295220228 39.1821126667 -86.5220986667
251.14 571.81901 2.21819916605 39.1821126667 -86.5220986667
252.45 572.03605 2.23041713252 39.182111 -86.5221031667
252.83 572.25309 2.24165859704 39.182111 -86.5221031667
252.83 572.47013 2.24909176822 39.1821095 -86.5221078333
253.29 572.7143 2.25039764433 39.1821095 -86.5221078333
253.37 572.93134 2.2680817589 39.182108 -86.5221125
254.19 573.14838 2.26184193414 39.182108 -86.5221125
254.04 573.39255 2.27397485542 39.1821065 -86.5221173333
254.04 573.60959 2.28277610433 39.1821065 -86.5221173333
255.19 573.85376 2.2823920249 39.182105 -86.522122
256.28 574.0708 2.2777931324 39.182105 -86.522122
turn
257.17 574.28784 2.3025370449 39.1821041667 -86.5221271667
258.43 574.53201 2.28354465112 39.1821041667 -86.5221271667
258.43 574.74905 2.28971170563 39.182103 -86.522132
259.54 574.99322 2.30410140127 39.182103 -86.522132
260.4 575.31878 2.31038014136 39.182102 -86.522137
262.74 575.45443 2.30234164969 39.182102 -86.522137
262.74 575.67147 2.32006105695 39.1821011667 -86.522142
263.53 575.91564 2.30762898699 39.1821011667 -86.522142
264.67 576.13268 2.30331895747 39.1821001667 -86.5221471667
266.23 576.37685 2.31254636891 39.1821001667 -86.5221471667
266.23 576.59389 2.32284195205 39.1820996667 -86.5221521667
266.24 576.83806 2.33142510956 39.1820996667 -86.5221521667
267.38 577.08223 2.32822397666 39.1820996667 -86.5221521667
268.13 577.29927 2.33423333047 39.182099 -86.5221573333
268.13 577.54344 2.33604219046 39.1820986667 -86.5221626667
268.5 577.76048 2.33664576695 39.1820986667 -86.5221626667
268.5 578.00465 2.35633090151 39.1820983333 -86.522168
268.48 578.24882 2.35204109233 39.1820983333 -86.522168
268.48 578.49299 2.36043100748 39.182098 -86.5221733333
268.09 578.71003 2.34067759469 39.182098 -86.5221733333
267.36 578.9542 2.34634558506 39.182098 -86.5221733333
264.47 579.17124 2.34837652558 39.1820976667 -86.5221785
264.47 579.41541 2.34939331486 39.182097 -86.5221838333
262.33 579.65958 2.34472336012 39.182097 -86.5221838333
259.52 579.87662 2.3168910333 39.1820961667 -86.5221888333
256.32 580.12079 2.30449282256 39.1820961667 -86.5221888333
253.76 580.33783 2.29610646581 39.182095 -86.522194
250.53 580.582 2.27798438287 39.182095 -86.522194
250.53 580.79904 2.25976961519 39.1820935 -86.5221986667
246.13 581.01608 2.25751323015 39.1820935 -86.5221986667
242.75 581.26025 2.23261965109 39.1820913333 -86.522203
238.99 581.47729 2.22712149072 39.1820913333 -86.522203
238.99 581.69433 2.22968392505 39.1820888333 -86.522207
234.88 581.91137 2.20790966797 39.1820888333 -86.522207
230.71 582.12841 2.19291901067 39.1820861667 -86.5222105
226.68 582.34545 2.16250549976 39.1820861667 -86.5222105
226.68 582.56249 2.15940735435 39.1820833333 -86.5222136667
219.8 582.77953 2.15820491608 39.1820833333 -86.5222136667
215.89 582.99657 2.13544226682 39.1820801667 -86.5222163333
213.49 583.21361 2.12991003297 39.1820801667 -86.5222163333
213.49 583.43065 2.10430419608 39.1820766667 -86.5222183333
211.6 583.62056 2.08058236196 39.1820766667 -86.5222183333
206.19 583.8376 2.06947322654 39.1820731667 -86.52222
202.61 584.02751 2.06208056548 39.1820731667 -86.52222
198.86 584.24455 2.04791621377 39.1820698333 -86.5222213333
198.86 584.43446 2.02513950885 39.1820698333 -86.5222213333
194.95 584.6515 1.98964461719 39.1820663333 -86.522222
191.19 584.84141 1.96928170139 39.1820663333 -86.522222
188.23 585.03132 1.95101351934 39.1820628333 -86.5222223333
188.23 585.22123 1.91872659123 39.1820628333 -86.5222223333
straight
184.55 585.41114 1.88749088632 39.1820593333 -86.5222221667
181.58 585.60105 1.85903754968 39.1820593333 -86.5222221667
175.03 585.79096 1.8326664415 39.1820561667 -86.5222216667
172.06 585.95374 1.79294171293 39.1820561667 -86.5222216667
172.06 586.14365 1.76506369137 39.182053 -86.5222206667
165.13 586.30643 1.75320155089 39.182053 -86.5222206667
164.73 586.49634 1.73426195346 39.18205 -86.5222195
162.95 586.65912 1.71183002082 39.18205 -86.5222195
162.95 586.8219 1.68461931077 39.1820471667 -86.522218
160.82 586.98468 1.67629249305 39.1820471667 -86.522218
159.44 587.14746 1.66467014358 39.1820445 -86.5222163333
157.12 587.31024 1.64259817158 39.1820445 -86.5222163333
157.12 587.47302 1.62333476934 39.1820418333 -86.5222146667
155.28 587.6358 1.61425560778 39.1820418333 -86.5222146667
154.69 587.79858 1.60994505103 39.1820393333 -86.522213
154.39 587.96136 1.58854698753 39.1820393333 -86.522213
154.39 588.12414 1.55879310543 39.1820366667 -86.5222115
151.13 588.34118 1.5468837448 39.1820366667 -86.5222115
153.63 588.42257 1.54108457824 39.1820341667 -86.5222098333
152.0 588.58535 1.52668921276 39.1820341667 -86.5222098333
152.0 588.721 1.50651307679 39.1820318333 -86.5222081667
151.55 588.88378 1.4955511824 39.1820318333 -86.5222081667
152.43 589.01943 1.49456255164 39.1820295 -86.5222065
151.39 589.18221 1.48069606505 39.1820295 -86.5222065
150.68 589.31786 1.46186723423 39.1820273333 -86.5222048333
150.68 589.45351 1.43746921691 39.1820273333 -86.5222048333
150.8 589.61629 1.42658502471 39.1820251667 -86.522203
150.06 589.75194 1.41586441916 39.1820251667 -86.522203
149.02 589.88759 1.39986553841 39.182023 -86.5222013333
148.73 590.02324 1.38408295072 39.182023 -86.5222013333
148.73 590.15889 1.36837615373 39.182021 -86.5221995
148.63 590.29454 1.3608945626 39.182021 -86.5221995
148.17 590.43019 1.34871714058 39.182019 -86.5221978333
149.26 590.56584 1.33576849983 39.182019 -86.5221978333
149.26 590.70149 1.31818064328 39.182017 -86.5221961667
150.11 590.83714 1.29924308016 39.182017 -86.5221961667
151.13 590.94566 1.29446986975 39.1820148333 -86.5221946667
148.87 591.08131 1.28813949293 39.1820148333 -86.5221946667
148.87 591.27122 1.26726115185 39.1820128333 -86.5221933333
150.04 591.32548 1.25891114101 39.1820128333 -86.5221933333
150.88 591.46113 1.24733547883 39.1820108333 -86.522192
154.08 591.59678 1.24453183486 39.1820108333 -86.522192
154.08 591.7053 1.243049299 39.1820088333 -86.5221908333
154.82 591.84095 1.2408888584 39.1820088333 -86.5221908333
155.42 591.94947 1.23794460668 39.1820068333 -86.5221896667
156.77 592.08512 1.22980798695 39.1820068333 -86.5221896667
156.33 592.19364 1.22381677117 39.1820048333 -86.5221885
156.33 592.32929 1.22836030244 39.1820048333 -86.5221885
155.86 592.43781 1.22869408088 39.1820028333 -86.5221871667
158.85 592.57346 1.20249951245 39.1820028333 -86.5221871667
158.85 592.68198 1.19524181682 39.1820008333 -86.5221863333
158.85 592.7905 1.19271965534 39.1820008333 -86.5221863333
160.31 592.92615 1.19104411958 39.1819988333 -86.5221853333
160.42 593.03467 1.18817526496 39.1819988333 -86.5221853333
160.42 593.17032 1.18108893823 39.1819968333 -86.5221845
161.03 593.27884 1.17540914999 39.1819968333 -86.5221845
161.03 593.38736 1.16781998967 39.1819948333 -86.5221836667
162.04 593.52301 1.17312206512 39.1819948333 -86.5221836667
162.83 593.63153 1.1623663939 39.181993 -86.522183
164.28 593.74005 1.14980479742 39.181993 -86.522183
164.28 593.84857 1.14756763387 39.181991 -86.5221821667
164.96 593.95709 1.13470489335 39.181991 -86.5221821667
164.74 594.06561 1.11649358025 39.1819893333 -86.5221813333
165.4 594.17413 1.10251926203 39.1819893333 -86.5221813333
165.4 594.28265 1.09288193353 39.1819873333 -86.5221808333
167.8 594.39117 1.09020308607 39.1819873333 -86.5221808333
168.45 594.49969 1.08362799057 39.1819855 -86.5221803333
169.06 594.60821 1.07261777497 39.1819855 -86.5221803333
169.06 594.71673 1.0667136117 39.1819836667 -86.5221796667
169.66 594.82525 1.05505712619 39.1819836667 -86.5221796667
169.36 594.93377 1.03296379212 39.1819818333 -86.5221791667
170.61 595.04229 1.00365470553 39.1819818333 -86.5221791667
170.27 595.12368 0.981861392588 39.18198 -86.5221786667
170.27 595.2322 0.961471188603 39.18198 -86.5221786667
171.45 595.31359 0.951123365469 39.1819783333 -86.5221783333
turn
171.75 595.42211 0.94249961787 39.1819783333 -86.5221783333
172.03 595.5035 0.940571814873 39.1819766667 -86.522178
172.65 595.61202 0.941355053607 39.1819766667 -86.522178
172.65 595.69341 0.940571814873 39.1819748333 -86.5221776667
172.34 595.7748 0.938197454872 39.1819748333 -86.5221776667
172.91 595.88332 0.937192787316 39.1819731667 -86.5221773333
173.25 595.96471 0.939952674612 39.1819731667 -86.5221773333
173.25 596.07323 0.945356772013 39.1819716667 -86.522177
173.89 596.15462 0.946115009067 39.1819716667 -86.522177
173.89 596.26314 0.945093322186 39.18197 -86.5221766667
173.89 596.34453 0.9432860719 39.18197 -86.5221766667
173.89 596.45305 0.93564141118 39.1819683333 -86.5221763333
174.22 596.53444 0.931337544197 39.1819683333 -86.5221763333
174.82 596.64296 0.929614322426 39.1819666667 -86.5221761667
177.0 596.72435 0.933067166489 39.1819666667 -86.5221761667
177.0 596.80574 0.93531885407 39.181965 -86.5221758333
175.44 596.91426 0.94164910454 39.181965 -86.5221758333
176.69 596.99565 0.943384470948 39.1819635 -86.5221756667
178.86 597.10417 0.943712616091 39.1819635 -86.5221756667
178.86 597.18556 0.945950071476 39.1819616667 -86.5221753333
176.69 597.29408 0.956185028547 39.1819616667 -86.5221753333
175.45 597.4026 0.967540173318 39.1819601667 -86.5221751667
174.22 597.48399 0.97281343899 39.1819601667 -86.5221751667
176.07 597.59251 0.976911781651 39.1819585 -86.5221748333
176.07 597.6739 0.977932956061 39.1819585 -86.5221748333
173.29 597.78242 0.973022773733 39.1819566667 -86.5221743333
172.7 597.89094 0.963862228222 39.1819566667 -86.5221743333
173.29 597.97233 0.953530172565 39.181955 -86.5221738333
171.1 598.05372 0.945027482671 39.181955 -86.5221738333
171.1 598.16224 0.93564141118 39.1819533333 -86.5221735
168.91 598.24363 0.926471588581 39.1819533333 -86.5221735
167.01 598.35215 0.910796092386 39.1819518333 -86.5221728333
165.11 598.43354 0.902044552316 39.1819518333 -86.5221728333
165.11 598.51493 0.89593798296 39.1819503333 -86.5221721667
163.52 598.59632 0.89067312301 39.1819503333 -86.5221721667
161.53 598.70484 0.88405598097 39.1819488333 -86.5221713333
158.34 598.78623 0.880355441625 39.1819488333 -86.5221713333
158.34 598.86762 0.875864992252 39.1819471667 -86.5221705
156.93 598.94901 0.871616088926 39.1819471667 -86.5221705
155.21 599.0304 0.865719837902 39.1819458333 -86.5221696667
153.63 599.13892 0.862472390883 39.1819458333 -86.5221696667
153.63 599.22031 0.860557426967 39.1819443333 -86.5221686667
152.05 599.3017 0.854029022916 39.1819443333 -86.5221686667
148.39 599.38309 0.845327745755 39.181943 -86.5221676667
146.7 599.46448 0.838120354638 39.181943 -86.5221676667
146.7 599.54587 0.832360607455 39.1819418333 -86.5221665
148.24 599.62726 0.832054282823 39.1819418333 -86.5221665
145.35 599.70865 0.833536944299 39.1819406667 -86.5221653333
144.44 599.79004 0.837758036128 39.1819406667 -86.5221653333
143.07 599.87143 0.838431162891 39.1819395 -86.5221641667
143.07 599.97995 0.840066695566 39.1819395 -86.5221641667
139.66 600.06134 0.8406914353 39.1819383333 -86.5221628333
138.53 600.14273 0.839494832601 39.1819383333 -86.5221628333
137.84 600.22412 0.836827796798 39.1819373333 -86.5221615
135.69 600.30551 0.837060162903 39.1819373333 -86.5221615
135.69 600.3869 0.839287075419 39.181936 -86.52216
134.27 600.46829 0.841473667887 39.181936 -86.52216
132.61 600.54968 0.841291016776 39.181935 -86.5221585
131.36 600.63107 0.842414270633 39.181935 -86.5221585
131.36 600.71246 0.843960369552 39.181934 -86.5221568333
129.74 600.82098 0.846831699856 39.181934 -86.5221568333
128.78 600.90237 0.851322413631 39.181933 -86.5221551667
127.61 600.98376 0.854809351271 39.181933 -86.5221551667
127.61 601.06515 0.858814029312 39.181932 -86.5221536667
126.18 601.14654 0.863240764899 39.181932 -86.5221536667
125.61 601.25506 0.868685771004 39.1819311667 -86.522152
123.69 601.33645 0.872456957263 39.1819311667 -86.522152
123.69 601.41784 0.876317635659 39.1819301667 -86.5221503333
121.71 601.49923 0.877451293661 39.1819301667 -86.5221503333
121.0 601.60775 0.881356398012 39.1819293333 -86.5221485
120.21 601.68914 0.88697508827 39.1819293333 -86.5221485
120.21 601.77053 0.888834818503 39.1819286667 -86.5221468333
119.26 601.85192 0.890234742092 39.1819286667 -86.5221468333
117.84 601.96044 0.892519047306 39.181928 -86.5221448333
116.74 602.04183 0.898668234515 39.181928 -86.5221448333
115.48 602.12322 0.906474908119 39.1819273333 -86.522143
115.48 602.23174 0.914603357605 39.1819273333 -86.522143
114.36 602.31313 0.916487991082 39.1819268333 -86.522141
113.29 602.42165 0.917665956367 39.1819268333 -86.522141
112.3 602.50304 0.919656757398 39.1819261667 -86.522139
111.38 602.58443 0.923475747983 39.1819261667 -86.522139
111.38 602.69295 0.929327738576 39.1819256667 -86.5221371667
110.67 602.77434 0.933773670625 39.1819256667 -86.5221371667
108.88 602.88286 0.942434139225 39.1819253333 -86.522135
108.43 602.96425 0.948960965373 39.1819253333 -86.522135
108.43 603.07277 0.954402293594 39.1819246667 -86.5221328333
107.65 603.15416 0.957906789535 39.1819246667 -86.5221328333
107.31 603.26268 0.962084893617 39.1819243333 -86.5221308333
106.52 603.34407 0.963964967134 39.1819243333 -86.5221308333
106.52 603.45259 0.967678210936 39.181924 -86.5221286667
106.18 603.56111 0.972011822872 39.181924 -86.5221286667
105.64 603.6425 0.977052506482 39.1819236667 -86.5221265
104.86 603.75102 0.978850308475 39.1819236667 -86.5221265
104.86 603.83241 0.978779681807 39.1819233333 -86.5221245
104.17 603.94093 0.981080277718 39.1819233333 -86.5221245
103.83 604.04945 0.986466712722 39.1819233333 -86.5221245
102.79 604.13084 0.99133272435 39.181923 -86.5221223333
102.79 604.23936 0.996246979767 39.1819226667 -86.5221201667
102.01 604.37501 0.99675939601 39.1819226667 -86.5221201667
100.45 604.42927 0.995808184988 39.1819223333 -86.522118
99.75 604.53779 0.996246979767 39.1819223333 -86.522118
98.98 604.64631 1.00235689216 39.181922 -86.5221158333
98.98 604.75483 1.01060843329 39.181922 -86.5221158333
98.91 604.83622 1.01628685945 39.1819218333 -86.5221135
98.44 604.94474 1.02253020767 39.1819218333 -86.5221135
98.15 605.05326 1.02422869871 39.1819216667 -86.5221113333
97.68 605.16178 1.02068372146 39.1819216667 -86.5221113333
97.68 605.24317 1.01701068336 39.1819215 -86.522109
97.45 605.35169 1.0164391578 39.1819215 -86.522109
97.09 605.46021 1.01922664262 39.1819211667 -86.5221068333
97.09 605.56873 1.02403540424 39.1819211667 -86.5221068333
96.69 605.65012 1.02756482218 39.1819211667 -86.5221045
96.34 605.75864 1.02729246498 39.1819211667 -86.5221045
95.94 605.86716 1.02624329538 39.1819211667 -86.5221021667
95.54 605.97568 1.03123623095 39.1819211667 -86.5221021667
95.54 606.0842 1.0370305787 39.181921 -86.5220998333
straight
94.84 606.16559 1.03973304208 39.181921 -86.5220998333
94.84 606.27411 1.04256980364 39.181921 -86.5220976667
94.17 606.38263 1.04224939495 39.181921 -86.5220976667
94.17 606.49115 1.03885717568 39.181921 -86.5220953333
94.48 606.59967 1.03600099282 39.181921 -86.5220953333
93.42 606.70819 1.03209928862 39.1819208333 -86.522093
93.46 606.78958 1.03469715114 39.1819208333 -86.522093
93.46 606.8981 1.04285032288 39.1819208333 -86.5220906667
92.72 607.00662 1.04252974178 39.1819208333 -86.5220906667
92.72 607.11514 1.04053056685 39.1819208333 -86.5220883333
92.33 607.22366 1.03734778619 39.1819208333 -86.5220883333
91.98 607.33218 1.04100966925 39.1819208333 -86.522086
91.98 607.41357 1.04897904423 39.1819208333 -86.522086
91.95 607.52209 1.05390956765 39.1819206667 -86.5220835
91.95 607.63061 1.05777199891 39.1819206667 -86.5220835
91.62 607.79339 1.05983804055 39.1819206667 -86.5220811667
91.25 607.84765 1.05934145484 39.1819206667 -86.5220811667
91.25 607.95617 1.05481101046 39.1819206667 -86.5220788333
91.27 608.06469 1.04910073083 39.1819206667 -86.5220788333
90.92 608.17321 1.05097013364 39.1819206667 -86.5220765
90.58 608.28173 1.05468799565 39.1819206667 -86.5220765
90.58 608.36312 1.05415526285 39.1819206667 -86.522074
90.58 608.47164 1.05076661503 39.1819206667 -86.522074
89.85 608.58016 1.04804705064 39.1819208333 -86.5220716667
89.85 608.68868 1.05296879609 39.1819208333 -86.5220716667
89.85 608.7972 1.06187060665 39.1819208333 -86.5220693333
89.49 608.90572 1.06873056015 39.1819208333 -86.5220693333
89.48 609.01424 1.07219388239 39.181921 -86.522067
89.48 609.12276 1.06995283354 39.181921 -86.522067
89.48 609.23128 1.06303557715 39.181921 -86.5220645
89.82 609.3398 1.0584322553 39.181921 -86.5220645
89.49 609.44832 1.05682432222 39.181921 -86.5220621667
89.49 609.55684 1.05909333646 39.181921 -86.5220621667
89.49 609.63823 1.05834967817 39.181921 -86.5220598333
89.48 609.74675 1.0567831574 39.181921 -86.5220598333
89.48 609.85527 1.05436009638 39.1819208333 -86.5220575
89.14 609.96379 1.05305053563 39.1819208333 -86.5220575
89.13 610.07231 1.05996225973 39.181921 -86.522055
89.13 610.18083 1.06738508144 39.181921 -86.522055
89.14 610.28935 1.07270259371 39.1819211667 -86.5220526667
89.14 610.39787 1.0760636973 39.1819211667 -86.5220526667
89.13 610.50639 1.07181266543 39.1819211667 -86.5220503333
89.13 610.61491 1.06303557715 39.1819211667 -86.5220503333
89.13 610.72343 1.05707137848 39.1819213333 -86.522048
89.12 610.80482 1.05288706923 39.1819213333 -86.522048
89.51 610.91334 1.04829001971 39.1819213333 -86.5220455
89.15 611.02186 1.04477795749 39.1819213333 -86.5220455
89.15 611.13038 1.03663434204 39.1819215 -86.5220433333
88.8 611.2389 1.02986615548 39.1819215 -86.5220433333
88.8 611.34742 1.03272787484 39.1819216667 -86.5220408333
88.44 611.42881 1.03750646272 39.1819216667 -86.5220408333
88.44 611.53733 1.04618802298 39.1819218333 -86.5220385
88.79 611.64585 1.05501609893 39.1819218333 -86.5220385
88.43 611.75437 1.05876269268 39.1819218333 -86.5220361667
88.78 611.86289 1.05752461508 39.1819218333 -86.5220361667
88.78 611.97141 1.05158116279 39.181922 -86.5220336667
89.15 612.07993 1.04634941571 39.181922 -86.5220336667
88.43 612.18845 1.04172915067 39.181922 -86.5220313333
88.8 612.26984 1.03993230864 39.181922 -86.5220313333
88.8 612.37836 1.03707021903 39.181922 -86.5220288333
88.8 612.48688 1.03323916521 39.181922 -86.5220288333
88.81 612.5954 1.02990524997 39.181922 -86.5220265
88.44 612.70392 1.02955350638 39.181922 -86.5220265
88.08 612.78531 1.03253135942 39.1819221667 -86.522024
88.08 612.89383 1.03738745077 39.1819221667 -86.522024
88.44 613.00235 1.04457682978 39.1819221667 -86.5220216667
88.44 613.11087 1.04995332817 39.1819221667 -86.5220216667
88.08 613.21939 1.04954715667 39.1819223333 -86.5220193333
88.44 613.32791 1.04614768258 39.1819223333 -86.5220193333
88.44 613.43643 1.04473772575 39.1819223333 -86.5220168333
88.8 613.51782 1.04260986857 39.1819223333 -86.5220168333
88.81 613.62634 1.04208926445 39.1819225 -86.5220145
88.45 613.73486 1.03973304208 39.1819225 -86.5220145
88.45 613.84338 1.03100110203 39.1819225 -86.522012
88.46 613.9519 1.02457681269 39.1819225 -86.522012
88.09 614.03329 1.02558380585 39.1819226667 -86.5220096667
88.44 614.14181 1.03241348605 39.1819226667 -86.5220096667
88.44 614.25033 1.03989244921 39.1819228333 -86.5220073333
88.09 614.35885 1.04598635207 39.1819228333 -86.5220073333
88.08 614.46737 1.05044114914 39.181923 -86.522005
88.44 614.57589 1.05272365358 39.181923 -86.522005
88.09 614.68441 1.04966897512 39.181923 -86.522005
88.09 614.7658 1.0466723506 39.1819231667 -86.5220026667
88.09 614.87432 1.04337168788 39.1819231667 -86.5220003333
88.09 614.98284 1.03969319793 39.1819231667 -86.5220003333
88.46 615.09136 1.03592187858 39.1819233333 -86.521998
88.46 615.19988 1.02885073948 39.1819233333 -86.521998
88.1 615.28127 1.02601043754 39.1819235 -86.5219956667
88.09 615.38979 1.02963165085 39.1819235 -86.5219956667
88.1 615.49831 1.03363281012 39.1819236667 -86.5219933333
88.1 615.60683 1.04017152935 39.1819236667 -86.5219933333
88.09 615.71535 1.04918187092 39.1819238333 -86.521991
87.72 615.82387 1.05040048008 39.1819238333 -86.521991
87.36 615.93239 1.04679350259 39.181924 -86.5219886667
88.09 616.01378 1.04534152732 39.181924 -86.5219886667
88.09 616.1223 1.0483305255 39.1819241667 -86.5219863333
turn
87.73 616.23082 1.05031915141 39.1819241667 -86.5219863333
88.1 616.33934 1.04804705064 39.1819241667 -86.521984
88.09 616.44786 1.04425518648 39.1819241667 -86.521984
88.09 616.55638 1.03841979561 39.1819243333 -86.5219816667
87.73 616.63777 1.03485501774 39.1819243333 -86.5219816667
88.1 616.74629 1.03280650196 39.1819245 -86.5219793333
88.1 616.85481 1.03064860963 39.1819245 -86.5219793333
88.1 616.96333 1.03754613943 39.1819246667 -86.521977
88.1 617.07185 1.04768280816 39.1819246667 -86.521977
87.73 617.18037 1.05166268703 39.1819246667 -86.5219746667
88.09 617.28889 1.05337762075 39.1819246667 -86.5219746667
88.09 617.37028 1.05423718671 39.1819248333 -86.5219723333
88.09 617.4788 1.05497507485 39.1819248333 -86.5219723333
88.1 617.58732 1.05129592746 39.1819248333 -86.52197
88.1 617.69584 1.04655122666 39.1819248333 -86.52197
88.1 617.80436 1.0409697272 39.181925 -86.5219675
88.1 617.91288 1.03600099282 39.181925 -86.5219675
87.37 617.99427 1.0346182359 39.181925 -86.5219651667
87.0 618.10279 1.03418441717 39.181925 -86.5219651667
85.88 618.21131 1.03814165455 39.1819251667 -86.5219628333
85.88 618.31983 1.04598635207 39.1819251667 -86.5219628333
85.89 618.42835 1.05219290285 39.1819253333 -86.5219605
84.02 618.53687 1.05493405397 39.1819253333 -86.5219605
83.28 618.64539 1.0532140528 39.1819255 -86.5219581667
81.77 618.75391 1.04889793551 39.1819255 -86.5219581667
81.77 618.8353 1.04966897512 39.1819258333 -86.5219558333
80.29 618.94382 1.04493891542 39.1819258333 -86.5219558333
76.88 619.05234 1.03675318124 39.1819263333 -86.5219536667
75.05 619.16086 1.02947537376 39.1819263333 -86.5219536667
75.05 619.26938 1.01666769092 39.181927 -86.5219513333
72.66 619.35077 1.00228283276 39.181927 -86.5219513333
70.51 619.45929 0.992420586729 39.1819275 -86.5219491667
68.55 619.54068 0.99289273559 39.1819275 -86.5219491667
68.55 619.6492 0.995515869812 39.1819283333 -86.5219471667
66.71 619.78485 0.999218989393 39.1819283333 -86.5219471667
64.98 619.86624 1.00269029492 39.1819291667 -86.5219451667
62.83 619.94763 1.00603656185 39.1819291667 -86.5219451667
62.83 620.05615 1.01049551194 39.18193 -86.5219431667
60.57 620.16467 1.01177676674 39.18193 -86.5219431667
59.02 620.27319 1.01083435171 39.181931 -86.5219411667
57.74 620.35458 1.01317477033 39.181931 -86.5219411667
55.51 620.4631 1.01079669163 39.181932 -86.5219393333
55.51 620.57162 1.00820490524 39.181932 -86.5219393333
52.35 620.65301 1.00794271278 39.1819331667 -86.5219375
51.16 620.76153 1.01136188772 39.1819331667 -86.5219375
48.19 620.87005 1.018958687 39.1819345 -86.5219358333
47.07 620.97857 1.02651509648 39.1819345 -86.5219358333
47.07 621.05996 1.03327851621 39.1819356667 -86.521934
44.95 621.16848 1.04325132662 39.1819356667 -86.521934
43.26 621.277 1.05280535506 39.181937 -86.5219323333
42.87 621.38552 1.0622447829 39.181937 -86.5219323333
42.87 621.49404 1.07189735688 39.1819386667 -86.5219308333
39.47 621.60256 1.07661880952 39.1819386667 -86.5219308333
39.2 621.71108 1.0792741666 39.18194 -86.5219293333
36.22 621.8196 1.08840991696 39.18194 -86.5219293333
36.22 621.92812 1.10512399185 39.1819416667 -86.5219278333
32.72 622.03664 1.11911867343 39.1819416667 -86.5219278333
31.81 622.17229 1.12711536704 39.1819433333 -86.5219266667
30.01 622.28081 1.13584501382 39.1819433333 -86.5219266667
30.01 622.38933 1.14572609797 39.181945 -86.5219255
28.8 622.49785 1.15730896216 39.181945 -86.5219255
27.81 622.6335 1.17378186381 39.1819468333 -86.5219243333
26.32 622.74202 1.18822730259 39.1819468333 -86.5219243333
26.32 622.87767 1.20186028174 39.1819486667 -86.5219231667
25.27 623.04045 1.21782897926 39.1819486667 -86.5219231667
24.57 623.12184 1.2226034879 39.1819505 -86.5219223333
23.86 623.23036 1.23484566019 39.1819505 -86.5219223333
23.01 623.36601 1.25408126098 39.1819525 -86.5219213333
23.01 623.50166 1.26791260866 39.1819525 -86.5219213333
20.23 623.61018 1.27734435028 39.1819546667 -86.5219205
18.81 623.74583 1.28545408888 39.1819546667 -86.5219205
17.85 623.88148 1.29428461025 39.1819568333 -86.5219196667
16.01 624.01713 1.30864335327 39.1819568333 -86.5219196667
16.01 624.12565 1.3176044874 39.1819591667 -86.5219188333
13.36 624.2613 1.32164818784 39.1819591667 -86.5219188333
11.91 624.39695 1.33072366098 39.1819613333 -86.5219181667
11.24 624.5326 1.33932931826 39.1819613333 -86.5219181667
11.24 624.66825 1.35701465513 39.1819636667 -86.5219178333
9.7 624.8039 1.37601024497 39.1819636667 -86.5219178333
12.5 624.96668 1.39432593278 39.181966 -86.5219175
8.97 625.10233 1.40873326756 39.181966 -86.5219175
8.97 625.23798 1.42105562539 39.1819685 -86.521917
8.39 625.37363 1.43602360663 39.1819685 -86.521917
7.51 625.53641 1.44759331982 39.181971 -86.5219166667
6.86 625.67206 1.46045077246 39.181971 -86.5219166667
6.86 625.83484 1.47948489475 39.1819735 -86.5219165
6.51 626.02475 1.49456255164 39.1819735 -86.5219165
6.22 626.13327 1.5043412254 39.181976 -86.5219163333
5.34 626.26892 1.52086966758 39.181976 -86.5219163333
5.34 626.4317 1.54935720404 39.1819786667 -86.521916
straight
3.28 626.64874 1.53628505096 39.1819786667 -86.521916
2.72 626.73013 1.54679555302 39.1819813333 -86.5219158333
2.06 626.89291 1.56265372653 39.1819813333 -86.5219158333
1.19 627.05569 1.57590578532 39.1819838333 -86.5219158333
1.19 627.21847 1.59059588439 39.1819838333 -86.5219158333
0.57 627.38125 1.59827946981 39.1819866667 -86.5219161667
0.28 627.54403 1.61694940104 39.1819866667 -86.5219161667
359.09 627.70681 1.6331062421 39.1819893333 -86.5219163333
358.49 627.86959 1.64968952937 39.1819893333 -86.5219163333
358.49 628.03237 1.65139655487 39.1819921667 -86.5219165
357.9 628.19515 1.64170361854 39.1819921667 -86.5219165
358.19 628.35793 1.65230170524 39.181995 -86.5219168333
358.19 628.52071 1.66569216601 39.181995 -86.5219168333
358.19 628.68349 1.6759818384 39.1819978333 -86.5219171667
358.19 628.8734 1.68294733577 39.1819978333 -86.5219171667
357.0 629.03618 1.69302926677 39.1820008333 -86.5219176667
356.7 629.19896 1.70216412573 39.1820008333 -86.5219176667
356.7 629.36174 1.71193803635 39.1820036667 -86.5219178333
356.4 629.55165 1.70924173124 39.1820036667 -86.5219178333
355.81 629.71443 1.71594421605 39.1820066667 -86.5219183333
355.81 629.90434 1.736370816 39.1820066667 -86.5219183333
355.81 630.06712 1.73915346154 39.1820095 -86.5219188333
355.81 630.2299 1.74004579271 39.1820095 -86.5219188333
355.51 630.41981 1.75649320212 39.1820123333 -86.5219193333
354.91 630.58259 1.77221203214 39.1820123333 -86.5219193333
354.91 630.7725 1.7732545098 39.1820153333 -86.5219198333
354.33 631.01667 1.77395017654 39.1820153333 -86.5219198333
354.02 631.12519 1.78245805138 39.1820183333 -86.5219205
354.02 631.3151 1.7884504944 39.1820183333 -86.5219205
353.7 631.47788 1.77953522235 39.1820213333 -86.521921
353.7 631.66779 1.78915813769 39.1820213333 -86.521921
354.59 631.83057 1.79900497315 39.1820241667 -86.5219218333
353.98 632.02048 1.80847846954 39.1820241667 -86.5219218333
353.64 632.21039 1.81137628522 39.1820271667 -86.5219221667
354.25 632.37317 1.79960161847 39.1820271667 -86.5219221667
354.25 632.56308 1.79721740859 39.1820301667 -86.521923
354.86 632.75299 1.7905751056 39.1820301667 -86.521923
355.18 632.91577 1.79460206377 39.1820331667 -86.5219236667
355.18 633.10568 1.79116617152 39.1820331667 -86.5219236667
355.17 633.26846 1.77697105056 39.1820361667 -86.5219241667
354.86 633.45837 1.77895180644 39.1820361667 -86.5219241667
354.56 633.62115 1.77895180644 39.1820391667 -86.5219246667
354.57 633.81106 1.77569173375 39.1820391667 -86.5219246667
354.57 634.00097 1.77418218676 39.1820421667 -86.5219251667
354.86 634.16375 1.7714020632 39.1820421667 -86.5219251667
355.78 634.35366 1.77337041637 39.1820451667 -86.5219256667
355.79 634.51644 1.76989979777 39.1820451667 -86.5219256667
355.79 634.70635 1.75524319079 39.182048 -86.5219261667
355.17 634.86913 1.75706197785 39.182048 -86.5219261667
355.17 635.05904 1.74924526112 39.182051 -86.5219266667
355.46 635.22182 1.75037380645 39.182051 -86.5219266667
355.46 635.3846 1.7402690186 39.1820538333 -86.5219271667
355.77 635.57451 1.74654268057 39.1820538333 -86.5219271667
356.07 635.73729 1.74418476374 39.1820566667 -86.5219278333
356.38 635.9272 1.73548224909 39.1820566667 -86.5219278333
356.07 636.08998 1.72040545339 39.1820595 -86.5219281667
356.07 636.25276 1.72073279635 39.1820595 -86.5219281667
355.76 636.44267 1.71323528669 39.1820625 -86.5219286667
356.07 636.60545 1.70355356022 39.1820625 -86.5219286667
turn
356.07 636.76823 1.6913405648 39.1820653333 -86.521929
357.0 636.93101 1.69779687109 39.1820653333 -86.521929
357.0 637.12092 1.69885998748 39.1820681667 -86.5219295
357.0 637.2837 1.69503898538 39.1820681667 -86.5219295
357.0 637.44648 1.68692370826 39.182071 -86.52193
356.69 637.60926 1.69324059165 39.182071 -86.52193
356.69 637.79917 1.68965522825 39.1820738333 -86.5219303333
357.0 637.96195 1.6796133226 39.1820738333 -86.5219303333
357.61 638.12473 1.67154174111 39.1820765 -86.5219306667
357.61 638.28751 1.67649966014 39.1820765 -86.5219306667
357.61 638.45029 1.67847030438 39.1820793333 -86.5219311667
357.92 638.61307 1.67298476907 39.1820793333 -86.5219311667
357.92 638.80298 1.66979283604 39.1820821667 -86.5219315
358.22 638.96576 1.6753608744 39.1820821667 -86.5219315
358.22 639.12854 1.67649966014 39.182085 -86.5219318333
357.62 639.37271 1.65846286448 39.182085 -86.5219318333
357.92 639.4541 1.65694356907 39.182085 -86.5219318333
357.92 639.61688 1.66487444772 39.1820878333 -86.5219321667
357.92 639.80679 1.66385342819 39.1820906667 -86.5219325
358.55 639.96957 1.65583118706 39.1820906667 -86.5219325
358.84 640.13235 1.64878723792 39.1820935 -86.5219328333
358.53 640.29513 1.66018810427 39.1820935 -86.5219328333
358.54 640.45791 1.66150982914 39.1820963333 -86.521933
358.54 640.62069 1.6457867152 39.1820963333 -86.521933
358.84 640.78347 1.63615932939 39.1820991667 -86.5219333333
359.15 640.94625 1.64528768951 39.1820991667 -86.5219333333
359.44 641.10903 1.64778584877 39.1821018333 -86.5219336667
359.15 641.27181 1.64170361854 39.1821018333 -86.5219336667
359.15 641.43459 1.63853086122 39.1821046667 -86.521934
359.14 641.59737 1.64349370002 39.1821046667 -86.521934
359.15 641.76015 1.65199987822 39.1821073333 -86.521934
359.14 641.92293 1.63922385354 39.1821073333 -86.521934
359.14 642.08571 1.63075037567 39.1821101667 -86.5219343333
358.84 642.24849 1.63942195903 39.1821101667 -86.5219343333
357.0 642.4384 1.65199987822 39.1821128333 -86.5219345
355.78 642.60118 1.6400165629 39.1821128333 -86.5219345
355.78 642.76396 1.64369283897 39.1821156667 -86.5219346667
353.64 642.92674 1.65029160584 39.1821156667 -86.5219346667
350.87 643.08952 1.65633663004 39.1821183333 -86.5219351667
353.01 643.2523 1.64878723792 39.1821183333 -86.5219351667
353.01 643.41508 1.63714663287 39.1821211667 -86.5219358333
349.01 643.63212 1.64259817158 39.1821211667 -86.5219358333
346.0 643.74064 1.64269762654 39.1821236667 -86.5219366667
343.47 643.90342 1.63349954844 39.1821236667 -86.5219366667
343.47 644.0662 1.62596152463 39.1821263333 -86.5219378333
340.25 644.28324 1.62197608657 39.1821263333 -86.5219378333
336.96 644.39176 1.61781717352 39.182129 -86.5219391667
333.49 644.55454 1.6174313819 39.182129 -86.5219391667
331.26 644.71732 1.62071648746 39.1821313333 -86.5219411667
331.26 644.8801 1.63016247071 39.1821313333 -86.5219411667
325.99 645.04288 1.63133870483 39.1821336667 -86.5219433333
323.54 645.20566 1.63734423657 39.1821336667 -86.5219433333
318.85 645.36844 1.63625800615 39.182136 -86.5219456667
317.31 645.53122 1.64081003931 39.182136 -86.5219456667
317.31 645.694 1.6416042839 39.182138 -86.5219483333
314.79 645.85678 1.64638594575 39.182138 -86.5219483333
311.84 646.01956 1.66548766114 39.1821398333 -86.5219511667
309.13 646.20947 1.68503782374 39.1821398333 -86.5219511667
309.13 646.37225 1.69102430815 39.1821415 -86.5219541667
306.96 646.53503 1.68629461123 39.1821415 -86.5219541667
305.31 646.69781 1.69398064436 39.1821431667 -86.5219575
302.3 646.88772 1.70451680593 39.1821431667 -86.5219575
302.3 647.0505 1.70184380881 39.1821445 -86.5219608333
299.84 647.21328 1.71064274905 39.1821445 -86.5219608333
296.9 647.40319 1.7265364643 39.1821455 -86.5219645
292.29 647.56597 1.74216875361 39.1821455 -86.5219645
292.29 647.72875 1.74654268057 39.1821465 -86.5219681667
289.76 647.97292 1.7422806319 39.1821465 -86.5219681667
286.76 648.08144 1.74160957761 39.1821471667 -86.5219721667
284.17 648.27135 1.75014798091 39.1821471667 -86.5219721667
284.17 648.43413 1.759112624 39.1821476667 -86.521976
281.93 648.62404 1.77047729052 39.1821476667 -86.521976
278.63 648.78682 1.772906881 39.1821478333 -86.52198
275.68 648.97673 1.78105389615 39.1821478333 -86.52198
straight
273.17 649.13951 1.80187248456 39.1821478333 -86.5219841667
273.17 649.32942 1.80980548329 39.1821478333 -86.5219841667
270.66 649.51933 1.81089267121 39.1821475 -86.5219881667
268.85 649.70924 1.83738277123 39.1821475 -86.5219881667
268.12 649.89915 1.86248328414 39.182147 -86.5219921667
267.0 650.06193 1.87354423037 39.182147 -86.5219921667
267.0 650.25184 1.86876938972 39.1821465 -86.5219963333
264.38 650.44175 1.89077942714 39.1821465 -86.5219963333
263.26 650.63166 1.9064573115 39.1821458333 -86.5220005
262.86 650.82157 1.91358400339 39.1821458333 -86.5220005
262.86 651.01148 1.92430626286 39.1821451667 -86.5220048333
260.99 651.22852 1.94863132945 39.1821451667 -86.5220048333
260.25 651.41843 1.95833650931 39.1821443333 -86.5220091667
259.05 651.60834 1.953964278 39.1821443333 -86.5220091667
259.05 651.79825 1.97214465363 39.1821433333 -86.5220133333
258.3 652.01529 1.98498639157 39.1821433333 -86.5220133333
256.88 652.2052 1.99799646513 39.1821421667 -86.5220175
255.22 652.39511 2.01088007708 39.1821421667 -86.5220175
255.22 652.61215 2.0328783156 39.182141 -86.5220216667
253.67 652.80206 2.03211699498 39.182141 -86.5220216667
252.13 653.0191 2.04205885895 39.1821396667 -86.5220258333
250.86 653.23614 2.04868942083 39.1821396667 -86.5220258333
248.76 653.42605 2.06616358236 39.1821381667 -86.5220298333
248.76 653.64309 2.07691908444 39.1821381667 -86.5220298333
248.18 653.86013 2.09294098588 39.1821363333 -86.522034
247.96 654.05004 2.10397782086 39.1821363333 -86.522034
248.23 654.26708 2.09294098588 39.1821346667 -86.522038
248.23 654.48412 2.10806480186 39.1821346667 -86.522038
249.28 654.78255 2.12557145096 39.1821331667 -86.5220425
249.65 654.9182 2.12907431531 39.1821331667 -86.5220425
250.02 655.10811 2.13931509226 39.1821315 -86.5220466667
250.49 655.32515 2.15067728894 39.1821315 -86.5220466667
250.49 655.54219 2.15289588954 39.1821301667 -86.5220511667
250.96 655.75923 2.17081084974 39.1821301667 -86.5220511667
250.96 655.97627 2.16942219735 39.1821286667 -86.5220555
251.51 656.19331 2.17743130016 39.1821286667 -86.5220555
251.51 656.41035 2.18814372127 39.182127 -86.52206
251.7 656.65452 2.19878385607 39.182127 -86.52206
252.7 656.87156 2.20952797459 39.1821255 -86.5220645
252.16 657.0886 2.20790966797 39.1821255 -86.5220645
252.16 657.30564 2.21114865526 39.182124 -86.5220691667
252.99 657.52268 2.21674924422 39.182124 -86.5220691667
253.37 657.73972 2.22347107032 39.1821225 -86.5220736667
253.82 657.95676 2.23005046852 39.1821225 -86.5220736667
253.82 658.20093 2.23888380921 39.182121 -86.5220783333
254.95 658.41797 2.24462596178 39.182121 -86.5220783333
256.02 658.63501 2.25976961519 39.1821196667 -86.5220831667
256.91 658.87918 2.249464721 39.1821196667 -86.5220831667
257.61 659.09622 2.25826485767 39.1821185 -86.5220878333
turn
257.61 659.31326 2.25582389623 39.1821185 -86.5220878333
258.86 659.55743 2.27130966932 39.1821175 -86.5220928333
260.09 659.77447 2.28277610433 39.1821175 -86.5220928333
260.78 660.01864 2.30586384498 39.1821163333 -86.5220976667
260.78 660.23568 2.28143239152 39.1821163333 -86.5220976667
262.36 660.45272 2.28932528901 39.1821155 -86.5221025
263.51 660.69689 2.2891321296 39.1821155 -86.5221025
265.07 660.91393 2.29494112671 39.1821146667 -86.5221076667
265.84 661.1581 2.30802160783 39.1821146667 -86.5221076667
265.84 661.37514 2.32682624357 39.182114 -86.5221126667
266.62 661.61931 2.3147166624 39.182114 -86.5221126667
267.39 661.86348 2.30880725045 39.182114 -86.5221126667
268.54 662.08052 2.310773699 39.1821135 -86.5221178333
268.54 662.32469 2.3378538561 39.182113 -86.522123
268.92 662.54173 2.35367346231 39.182113 -86.522123
268.89 662.7859 2.35428618535 39.1821128333 -86.5221281667
268.5 663.03007 2.34431815432 39.1821128333 -86.5221281667
268.5 663.24711 2.34330575229 39.1821125 -86.5221335
268.11 663.49128 2.34249646002 39.1821125 -86.5221335
267.37 663.73545 2.35653556849 39.182112 -86.5221386667
264.42 663.95249 2.37095114917 39.182112 -86.5221386667
264.42 664.19666 2.35796923344 39.1821113333 -86.522144
262.25 664.44083 2.34128356921 39.1821113333 -86.522144
259.35 664.65787 2.34817327333 39.1821105 -86.5221491667
257.21 664.90204 2.34492601556 39.1821105 -86.5221491667
253.62 665.14621 2.32602829218 39.1821091667 -86.5221543333
253.62 665.36325 2.31748475271 39.1821091667 -86.5221543333
249.92 665.58029 2.29630080406 39.1821076667 -86.522159
245.57 665.82446 2.27530979537 39.1821076667 -86.522159
242.29 666.0415 2.28816682129 39.1821055 -86.5221635
238.35 666.28567 2.26884044155 39.1821055 -86.5221635
238.35 666.50271 2.24295585317 39.182103 -86.5221675
234.13 666.71975 2.22256033423 39.182103 -86.5221675
229.55 666.93679 2.21475869388 39.1821005 -86.522171
225.84 667.15383 2.21078829857 39.1821005 -86.522171
225.84 667.398 2.1853237213 39.1820973333 -86.5221741667
218.07 667.58791 2.16613125749 39.1820973333 -86.5221741667
216.66 667.80495 2.1445572682 39.1820941667 -86.5221768333
212.84 668.02199 2.10430419608 39.1820941667 -86.5221768333
212.84 668.23903 2.11036045426 39.1820906667 -86.5221786667
207.42 668.45607 2.11085303042 39.1820906667 -86.5221786667
205.16 668.64598 2.08650265323 39.1820875 -86.5221803333
200.97 668.86302 2.05910701275 39.1820875 -86.5221803333
200.97 669.05293 2.0245350347 39.182084 -86.5221815
196.75 669.26997 1.99755514652 39.182084 -86.5221815
194.13 669.45988 1.98455080097 39.1820803333 -86.5221821667
190.5 669.64979 1.97487217936 39.1820803333 -86.5221821667
190.5 669.86683 1.95424576821 39.1820768333 -86.5221823333
187.4 670.05674 1.93377006415 39.1820768333 -86.5221823333
straight
184.32 670.24665 1.89885176372 39.1820736667 -86.5221823333
180.65 670.40943 1.86107792564 39.1820736667 -86.5221823333
174.66 670.59934 1.850289436 39.1820701667 -86.5221816667
174.66 670.78925 1.83130570368 39.1820701667 -86.5221816667
171.29 670.97916 1.80534961405 39.182067 -86.5221808333
168.58 671.14194 1.78715460115 39.182067 -86.5221808333
164.57 671.33185 1.76805434995 39.1820641667 -86.5221795
162.63 671.49463 1.75456211602 39.1820641667 -86.5221795
162.63 671.68454 1.7360374968 39.1820613333 -86.5221778333
158.12 671.84732 1.70945712305 39.1820613333 -86.5221778333
158.43 672.0101 1.695674625 39.1820586667 -86.5221761667
157.87 672.17288 1.68441013224 39.1820586667 -86.5221761667
157.87 672.33566 1.66354736648 39.182056 -86.5221746667
157.25 672.49844 1.63556751869 39.182056 -86.5221746667
156.19 672.66122 1.62042608851 39.1820533333 -86.5221731667
156.06 672.824 1.60186538348 39.1820533333 -86.5221731667
156.06 672.98678 1.58520560911 39.1820508333 -86.5221715
155.75 673.14956 1.56112515104 39.1820508333 -86.5221715
154.69 673.31234 1.54345170099 39.1820483333 -86.5221698333
153.33 673.44799 1.53576327409 39.1820483333 -86.5221698333
153.33 673.61077 1.51942170699 39.182046 -86.5221681667
153.33 673.74642 1.49637604103 39.182046 -86.5221681667
152.88 673.9092 1.47514103958 39.1820436667 -86.5221665
152.12 674.04485 1.4677194482 39.1820436667 -86.5221665
152.12 674.1805 1.4538767483 39.1820413333 -86.5221648333
150.35 674.34328 1.43405010836 39.1820413333 -86.5221648333
147.89 674.47893 1.4209811973 39.1820391667 -86.522163
149.02 674.61458 1.40646936236 39.1820391667 -86.522163
148.27 674.75023 1.40210821705 39.1820371667 -86.5221613333
148.27 674.88588 1.39339499769 39.1820371667 -86.5221613333
150.89 675.02153 1.38056146957 39.182035 -86.5221595
149.59 675.15718 1.36021227314 39.182035 -86.5221595
149.88 675.29283 1.3478460927 39.182033 -86.5221578333
150.35 675.42848 1.33847035027 39.182033 -86.5221578333
150.35 675.56413 1.32630005866 39.182031 -86.5221563333
150.8 675.69978 1.31212429269 39.182031 -86.5221563333
151.55 675.83543 1.29918086482 39.182029 -86.5221548333
151.55 675.94395 1.29422286886 39.182029 -86.5221548333
152.3 676.0796 1.28924130393 39.182027 -86.5221535
153.18 676.21525 1.28120485455 39.182027 -86.5221535
154.22 676.3509 1.273865809 39.182025 -86.5221521667
154.96 676.45942 1.26466200531 39.182025 -86.5221521667
154.96 676.59507 1.25599712976 39.1820228333 -86.522151
155.26 676.70359 1.25402329559 39.1820228333 -86.522151
155.69 676.83924 1.24733547883 39.1820208333 -86.5221496667
156.12 676.97489 1.23265761018 39.1820208333 -86.5221496667
156.12 677.08341 1.22320982867 39.1820188333 -86.5221485
157.15 677.19193 1.20946834879 39.1820188333 -86.5221485
157.75 677.32758 1.20378001597 39.1820168333 -86.5221473333
159.08 677.4361 1.20276605932 39.1820168333 -86.5221473333
159.2 677.57175 1.19445249626 39.182015 -86.5221463333
159.2 677.68027 1.18376866355 39.182015 -86.5221463333
159.81 677.78879 1.17622448626 39.182013 -86.5221453333
160.42 677.92444 1.175358229 39.182013 -86.5221453333
160.42 678.03296 1.16847383608 39.182011 -86.5221445
160.42 678.14148 1.16221701508 39.182011 -86.5221445
161.75 678.25 1.15795108835 39.182009 -86.5221435
162.68 678.38565 1.14134003618 39.182009 -86.5221435
163.31 678.49417 1.13408828324 39.182007 -86.5221426667
163.31 678.49417 1.13408828324 39.182007 -86.5221426667
163.71 678.76547 1.13551224208 39.182005 -86.5221418333
165.21 678.81973 1.13760719527 39.182005 -86.5221418333
164.97 678.95538 1.13389869185 39.182003 -86.5221411667
165.6 679.0639 1.12885054506 39.182003 -86.5221411667
165.6 679.17242 1.13404087945 39.1820011667 -86.5221403333
166.62 679.28094 1.13328295739 39.1820011667 -86.5221403333
167.32 679.38946 1.13134539844 39.1819993333 -86.5221396667
168.01 679.49798 1.12964958155 39.1819993333 -86.5221396667
168.01 679.63363 1.12208089665 39.1819975 -86.522139
168.7 679.74215 1.11773550859 39.1819975 -86.522139
169.07 679.85067 1.11438404666 39.1819955 -86.5221383333
169.69 679.95919 1.11525440868 39.1819955 -86.5221383333
169.69 680.06771 1.11520856626 39.1819936667 -86.5221378333
170.99 680.23049 1.11630982554 39.1819936667 -86.5221378333
turn
171.03 680.28475 1.1133322664 39.1819918333 -86.5221373333
171.34 680.39327 1.1216633868 39.1819918333 -86.5221373333
171.69 680.50179 1.12758380782 39.1819898333 -86.5221368333
171.69 680.63744 1.1174592858 39.1819898333 -86.5221368333
172.31 680.74596 1.1071082184 39.1819881667 -86.5221363333
172.31 680.85448 1.09204612784 39.1819881667 -86.5221363333
172.34 680.963 1.07966071073 39.1819861667 -86.5221356667
172.34 681.04439 1.07130479763 39.1819861667 -86.5221356667
172.96 681.15291 1.06029365327 39.1819843333 -86.5221353333
173.56 681.26143 1.05251945533 39.1819843333 -86.5221353333
173.89 681.36995 1.04918187092 39.1819826667 -86.522135
173.58 681.47847 1.04598635207 39.1819826667 -86.522135
173.58 681.58699 1.03953385187 39.1819808333 -86.5221345
173.58 681.69551 1.03465769201 39.1819808333 -86.5221345
173.89 681.7769 1.0349339691 39.181979 -86.5221341667
174.82 681.88542 1.03221709025 39.181979 -86.5221341667
174.82 681.99394 1.02990524997 39.1819773333 -86.5221338333
175.13 682.10246 1.02908488848 39.1819773333 -86.5221338333
175.14 682.21098 1.0206453239 39.1819755 -86.5221336667
176.69 682.29237 1.01678199603 39.1819755 -86.5221336667
176.69 682.40089 1.01136188772 39.1819738333 -86.5221333333
172.03 682.50941 1.00614848878 39.1819738333 -86.5221333333
173.56 682.5908 1.00503033895 39.1819721667 -86.522133
172.31 682.69932 1.00265323922 39.1819721667 -86.522133
171.69 682.80784 1.00206072022 39.1819701667 -86.5221326667
171.69 682.88923 1.00102549533 39.1819701667 -86.5221326667
170.1 682.99775 0.998630521201 39.1819685 -86.5221321667
167.93 683.10627 0.993765576353 39.1819685 -86.5221321667
167.93 683.18766 0.987759638839 39.1819668333 -86.5221316667
168.13 683.32331 0.974770739769 39.1819668333 -86.5221316667
166.58 683.4047 0.964650453333 39.1819651667 -86.5221311667
164.35 683.48609 0.954805349287 39.1819651667 -86.5221311667
162.13 683.56748 0.946643196092 39.1819635 -86.5221303333
162.13 683.676 0.935447850222 39.1819635 -86.5221303333
160.73 683.75739 0.924766309905 39.181962 -86.5221295
159.12 683.86591 0.909818712274 39.181962 -86.5221295
157.1 683.9473 0.902374575933 39.1819605 -86.5221286667
154.07 684.02869 0.898817094583 39.1819605 -86.5221286667
154.07 684.11008 0.899442845776 39.181959 -86.5221276667
152.62 684.2186 0.901145713621 39.181959 -86.5221276667
148.66 684.29999 0.901804686721 39.1819576667 -86.5221266667
146.43 684.38138 0.897449439317 39.1819576667 -86.5221266667
146.43 684.4899 0.888078363339 39.1819563333 -86.5221255
147.05 684.57129 0.880755551227 39.1819563333 -86.5221255
145.62 684.65268 0.87400277044 39.181955 -86.5221243333
143.73 684.73407 0.871084376806 39.181955 -86.5221243333
143.73 684.86972 0.872288653828 39.1819538333 -86.5221231667
140.3 684.92398 0.87242890218 39.1819538333 -86.5221231667
140.65 685.00537 0.869520992244 39.1819526667 -86.5221218333
139.25 685.08676 0.866023812564 39.1819526667 -86.5221218333
139.25 685.16815 0.860202726696 39.1819515 -86.5221205
137.84 685.24954 0.85705060652 39.1819515 -86.5221205
136.17 685.35806 0.85599602461 39.1819505 -86.5221191667
133.34 685.43945 0.857375616231 39.1819505 -86.5221191667
132.36 685.52084 0.858650947875 39.1819493333 -86.5221176667
132.36 685.60223 0.862582074842 39.1819493333 -86.5221176667
130.74 685.68362 0.865057360584 39.1819485 -86.5221161667
129.26 685.76501 0.866438667646 39.1819485 -86.5221161667
127.89 685.87353 0.863735442998 39.1819476667 -86.5221146667
127.89 685.95492 0.864203159839 39.1819476667 -86.5221146667
126.86 686.03631 0.866604720989 39.1819468333 -86.522113
125.61 686.1177 0.869939205438 39.1819468333 -86.522113
125.13 686.22622 0.873749444462 39.1819458333 -86.5221115
123.88 686.30761 0.876940784795 39.1819458333 -86.5221115
123.88 686.389 0.879299756928 39.1819451667 -86.5221096667
122.91 686.47039 0.882962671266 39.1819451667 -86.5221096667
121.77 686.57891 0.889096968704 39.1819443333 -86.522108
120.69 686.6603 0.893253679255 39.1819443333 -86.522108
120.69 686.74169 0.896352385357 39.1819436667 -86.5221061667
118.95 686.82308 0.89914476039 39.1819436667 -86.5221061667
117.53 686.9316 0.903636890488 39.181943 -86.5221043333
116.74 687.01299 0.90881298362 39.181943 -86.5221043333
116.74 687.12151 0.914510870664 39.1819425 -86.5221025
115.95 687.2029 0.917634918487 39.1819425 -86.5221025
114.69 687.28429 0.920436762112 39.1819418333 -86.5221006667
114.22 687.39281 0.921718838118 39.1819418333 -86.5221006667
113.1 687.4742 0.922282829656 39.1819411667 -86.5220986667
113.1 687.58272 0.923350032332 39.1819411667 -86.5220986667
111.84 687.66411 0.924325224857 39.1819406667 -86.5220966667
110.58 687.77263 0.930858230975 39.1819406667 -86.5220966667
109.67 687.85402 0.93852200083 39.1819403333 -86.5220946667
109.67 687.93541 0.944369591702 39.1819403333 -86.5220946667
109.22 688.04393 0.950723411711 39.1819398333 -86.5220926667
107.98 688.15245 0.954670959569 39.1819398333 -86.5220926667
107.2 688.23384 0.954906166409 39.1819395 -86.5220905
107.2 688.34236 0.9577715254 39.1819395 -86.5220905
106.86 688.42375 0.960178156852 39.1819391667 -86.5220885
105.94 688.53227 0.9656461418 39.1819391667 -86.5220885
105.05 688.61366 0.969199228379 39.1819386667 -86.5220863333
104.8 688.72218 0.970968219884 39.1819386667 -86.5220863333
104.8 688.80357 0.969649535382 39.1819383333 -86.5220841667
104.36 688.91209 0.970169640622 39.1819383333 -86.5220841667
103.57 689.02061 0.974770739769 39.1819378333 -86.5220821667
103.14 689.102 0.979557136152 39.1819378333 -86.5220821667
103.14 689.21052 0.987507971173 39.1819375 -86.52208
102.09 689.31904 0.994129713092 39.1819375 -86.52208
101.66 689.40043 0.996283563455 39.1819373333 -86.5220778333
100.95 689.50895 0.995662005945 39.1819373333 -86.5220778333
100.95 689.61747 0.993074450952 39.181937 -86.5220755
100.1 689.69886 0.99176758298 39.181937 -86.5220755
98.69 689.80738 0.994931754006 39.1819366667 -86.5220733333
98.75 689.9159 1.00217176418 39.1819366667 -86.5220733333
98.21 689.99729 1.00629776344 39.1819363333 -86.522071
98.21 690.10581 1.00629776344 39.1819363333 -86.522071
97.92 690.21433 1.00309808851 39.1819361667 -86.5220688333
97.56 690.29572 1.00280147847 39.1819361667 -86.5220688333
97.2 690.40424 1.00779294974 39.1819358333 -86.5220665
97.2 690.51276 1.01283435995 39.1819358333 -86.5220665
97.2 690.62128 1.01556406513 39.1819356667 -86.5220641667
96.44 690.70267 1.01849966214 39.1819356667 -86.5220641667
96.39 690.81119 1.02083734056 39.1819355 -86.5220618333
96.03 690.91971 1.02083734056 39.1819355 -86.5220618333
96.03 691.02823 1.01533602784 39.1819351667 -86.5220596667
96.03 691.10962 1.01268313986 39.1819351667 -86.5220596667
95.37 691.21814 1.01872912286 39.181935 -86.5220573333
straight
94.96 691.32666 1.02380354717 39.181935 -86.5220573333
94.96 691.43518 1.02010806136 39.1819348333 -86.5220548333
94.65 691.51657 1.01480433888 39.1819348333 -86.5220548333
94.33 691.62509 1.00985610065 39.1819346667 -86.5220525
93.93 691.73361 1.01313693566 39.1819346667 -86.5220525
93.93 691.84213 1.0193415239 39.1819346667 -86.5220501667
93.56 691.92352 1.02076052523 39.1819346667 -86.5220501667
93.14 692.03204 1.02241460657 39.1819345 -86.522048
93.14 692.14056 1.02345595835 39.1819345 -86.522048
92.75 692.24908 1.02010806136 39.1819345 -86.5220456667
92.75 692.33047 1.01712506561 39.1819345 -86.5220456667
92.39 692.43899 1.01249417824 39.1819345 -86.5220433333
92.39 692.54751 1.01362900695 39.1819345 -86.5220433333
92.03 692.65603 1.01697256166 39.1819345 -86.522041
92.03 692.73742 1.016248792 39.1819345 -86.522041
92.09 692.84594 1.01370475265 39.1819345 -86.5220386667
91.73 692.95446 1.01109805091 39.1819345 -86.5220386667
91.73 693.06298 1.01442490185 39.1819345 -86.5220363333
91.73 693.14437 1.01957136415 39.1819345 -86.5220363333
91.34 693.25289 1.02461550663 39.1819346667 -86.522034
91.32 693.36141 1.02737026659 39.1819346667 -86.522034
90.6 693.46993 1.02799310397 39.1819346667 -86.5220318333
90.6 693.57845 1.02465420349 39.1819346667 -86.5220318333
90.6 693.65984 1.02253020767 39.1819348333 -86.5220295
90.94 693.76836 1.01704880792 39.1819348333 -86.5220295
90.24 693.87688 1.01716319874 39.1819346667 -86.5220271667
90.26 693.9854 1.02415137216 39.1819346667 -86.5220271667
90.26 694.06679 1.02473160598 39.1819348333 -86.5220248333
89.53 694.17531 1.01953305024 39.1819348333 -86.5220248333
89.9 694.28383 1.01594435499 39.1819348333 -86.5220225
89.88 694.39235 1.01674389147 39.1819348333 -86.5220225
89.88 694.47374 1.02056853747 39.1819348333 -86.5220201667
89.51 694.58226 1.02725356859 39.1819348333 -86.5220201667
89.17 694.69078 1.03241348605 39.1819348333 -86.5220178333
89.52 694.7993 1.03394794207 39.1819348333 -86.5220178333
89.52 694.90782 1.03237420091 39.1819348333 -86.5220155
89.52 694.98921 1.03037461547 39.1819348333 -86.5220155
89.52 695.09773 1.02337874844 39.1819348333 -86.5220131667
89.16 695.20625 1.02283860509 39.1819348333 -86.5220131667
89.15 695.31477 1.02639859267 39.1819348333 -86.5220108333
89.15 695.39616 1.02729246498 39.1819348333 -86.5220108333
88.8 695.50468 1.02508006196 39.1819348333 -86.5220085
88.81 695.6132 1.02010806136 39.1819348333 -86.5220085
88.8 695.72172 1.0201464185 39.1819348333 -86.5220061667
88.8 695.83024 1.02678704159 39.1819348333 -86.5220061667
89.18 695.91163 1.0331604722 39.181935 -86.5220038333
88.8 696.02015 1.03997217111 39.181935 -86.5220038333
88.8 696.12867 1.04164915918 39.181935 -86.5220015
88.44 696.23719 1.03997217111 39.181935 -86.5220015
88.44 696.34571 1.03572414583 39.1819351667 -86.5219991667
88.44 696.45423 1.02931914409 39.1819351667 -86.5219991667
88.44 696.53562 1.02775945147 39.1819351667 -86.5219966667
88.43 696.64414 1.0294363119 39.1819351667 -86.5219966667
88.43 696.75266 1.02967072754 39.1819353333 -86.5219943333
88.45 696.86118 1.02795415451 39.1819353333 -86.5219943333
88.44 696.94257 1.02384218272 39.1819353333 -86.521992
88.45 697.05109 1.02145227966 39.1819353333 -86.521992
88.45 697.15961 1.02810997006 39.1819355 -86.5219898333
88.45 697.26813 1.03280650196 39.1819355 -86.5219898333
88.45 697.37665 1.03449988561 39.1819356667 -86.5219873333
88.44 697.45804 1.03758581918 39.1819356667 -86.5219873333
88.44 697.56656 1.03953385187 39.1819358333 -86.5219851667
88.44 697.67508 1.03556601397 39.1819358333 -86.5219851667
88.43 697.7836 1.03076608032 39.181936 -86.5219826667
88.45 697.89212 1.02558380585 39.181936 -86.5219826667
88.45 697.97351 1.02608804508 39.181936 -86.5219803333
88.45 698.08203 1.027915208 39.181936 -86.5219803333
88.09 698.19055 1.02195246346 39.1819361667 -86.521978
88.09 698.29907 1.01442490185 39.1819361667 -86.521978
88.45 698.38046 1.01294780466 39.1819363333 -86.5219758333
88.45 698.48898 1.01788827193 39.1819363333 -86.5219758333
87.72 698.5975 1.02519626663 39.1819365 -86.5219735
87.72 698.70602 1.0324920653 39.1819365 -86.5219735
88.09 698.81454 1.0369116759 39.1819365 -86.5219711667
88.09 698.89593 1.03818137986 39.1819365 -86.5219711667
88.09 699.00445 1.03390854007 39.1819366667 -86.5219688333
88.09 699.11297 1.02842174292 39.1819366667 -86.5219688333
88.08 699.22149 1.02496388364 39.1819368333 -86.5219665
88.45 699.33001 1.02581647005 39.1819368333 -86.5219665
88.45 699.4114 1.02562257589 39.181937 -86.5219641667
88.08 699.51992 1.02053014858 39.181937 -86.5219641667
88.81 699.62844 1.01632492976 39.181937 -86.5219618333
88.09 699.73696 1.0164391578 39.181937 -86.5219618333
88.09 699.81835 1.01685821371 39.1819371667 -86.5219595
87.72 699.92687 1.02110628528 39.1819371667 -86.5219595
88.44 700.03539 1.02612685325 39.1819375 -86.5219571667
88.44 700.14391 1.028811725 39.1819375 -86.5219571667
88.09 700.25243 1.02916296184 39.1819375 -86.5219548333
88.09 700.33382 1.02998344786 39.1819375 -86.5219548333
88.45 700.44234 1.0262044784 39.1819376667 -86.5219526667
88.44 700.55086 1.02141382426 39.1819376667 -86.5219526667
88.8 700.65938 1.02172154854 39.1819378333 -86.5219503333
88.8 700.74077 1.02183699296 39.1819378333 -86.5219503333
88.45 700.84929 1.01716319874 39.181938 -86.521948
88.45 700.95781 1.00738133076 39.181938 -86.521948
88.09 701.06633 1.00132105555 39.181938 -86.5219456667
88.09 701.14772 1.00121020001 39.181938 -86.5219456667
88.09 701.25624 1.0036918353 39.1819381667 -86.5219435
turn
88.09 701.36476 1.01042024506 39.1819381667 -86.5219435
88.46 701.44615 1.01605849749 39.1819383333 -86.5219413333
88.45 701.55467 1.01945643107 39.1819383333 -86.5219413333
88.45 701.66319 1.01853789841 39.1819385 -86.521939
88.45 701.77171 1.01370475265 39.1819385 -86.521939
88.45 701.8531 1.01279655069 39.1819386667 -86.5219368333
88.46 701.96162 1.01057079003 39.1819386667 -86.5219368333
88.46 702.07014 1.00711956643 39.1819388333 -86.5219345
88.81 702.17866 1.0064097485 39.1819388333 -86.5219345
88.09 702.26005 1.00421194063 39.181939 -86.5219323333
88.09 702.36857 0.999734468273 39.181939 -86.5219323333
88.09 702.47709 1.00065629034 39.1819391667 -86.52193
88.46 702.55848 1.0021347468 39.1819391667 -86.52193
88.09 702.667 1.00674585328 39.1819393333 -86.5219276667
88.09 702.77552 1.01287217203 39.1819393333 -86.5219276667
88.09 702.85691 1.01491822535 39.1819396667 -86.5219255
88.09 702.96543 1.01507011374 39.1819396667 -86.5219255
88.09 703.07395 1.01526003817 39.1819398333 -86.5219231667
88.45 703.18247 1.01613460674 39.1819398333 -86.5219231667
88.45 703.29099 1.0176591898 39.1819398333 -86.521921
88.45 703.37238 1.01819387525 39.1819398333 -86.521921
88.45 703.4809 1.01670578977 39.18194 -86.5219186667
88.46 703.58942 1.01219198627 39.18194 -86.5219186667
88.09 703.67081 1.00872969958 39.1819401667 -86.5219163333
88.09 703.77933 1.00906735597 39.1819401667 -86.5219163333
88.09 703.88785 1.00805506428 39.1819403333 -86.521914
88.09 703.99637 1.00809252034 39.1819403333 -86.521914
88.09 704.07776 1.01321260784 39.1819405 -86.5219116667
87.72 704.18628 1.02206796007 39.1819405 -86.5219116667
87.72 704.2948 1.02869469933 39.1819406667 -86.5219095
88.45 704.40332 1.02998344786 39.1819406667 -86.5219095
88.09 704.51184 1.03013987926 39.1819406667 -86.5219073333
88.09 704.59323 1.0315106836 39.1819406667 -86.5219073333
88.09 704.70175 1.03068776355 39.1819408333 -86.521905
88.09 704.81027 1.03021811278 39.1819408333 -86.521905
87.72 704.91879 1.0274869911 39.181941 -86.5219026667
87.0 705.00018 1.02276148829 39.181941 -86.5219026667
86.27 705.1087 1.02226051243 39.1819411667 -86.5219005
86.27 705.21722 1.02585525769 39.1819411667 -86.5219005
85.54 705.32574 1.02908488848 39.1819413333 -86.5218981667
84.42 705.43426 1.0368720477 39.1819413333 -86.5218981667
83.3 705.54278 1.04353221278 39.1819416667 -86.521896
83.3 705.62417 1.0431711012 39.1819416667 -86.521896
80.73 705.73269 1.04505966642 39.181942 -86.5218938333
78.45 705.84121 1.04277015912 39.181942 -86.5218938333
76.2 705.94973 1.04005190524 39.1819425 -86.5218915
76.2 706.05825 1.04570414338 39.1819425 -86.5218915
74.11 706.16677 1.04381325023 39.1819431667 -86.5218891667
72.26 706.24816 1.03770487665 39.1819431667 -86.5218891667
70.08 706.35668 1.03045288465 39.1819438333 -86.5218871667
68.51 706.4652 1.02307002526 39.1819438333 -86.5218871667
68.51 706.57372 1.02272293426 39.1819445 -86.521885
66.35 706.65511 1.02612685325 39.1819445 -86.521885
64.33 706.76363 1.03029635818 39.1819453333 -86.5218831667
62.29 706.87215 1.03308179118 39.1819453333 -86.5218831667
62.29 706.98067 1.03714950877 39.1819461667 -86.5218811667
60.57 707.08919 1.04228943527 39.1819461667 -86.5218811667
58.99 707.19771 1.04401408397 39.1819471667 -86.5218791667
55.84 707.2791 1.04341181448 39.1819471667 -86.5218791667
55.84 707.38762 1.04461704913 39.1819481667 -86.5218773333
53.44 707.49614 1.04598635207 39.1819481667 -86.5218773333
50.9 707.60466 1.0494253665 39.1819493333 -86.5218753333
49.45 707.71318 1.05300966427 39.1819493333 -86.5218753333
49.45 707.8217 1.058680064 39.1819505 -86.5218736667
47.42 707.93022 1.06919385222 39.1819505 -86.5218736667
45.91 708.03874 1.07593567576 39.1819518333 -86.521872
45.16 708.14726 1.08310886662 39.1819518333 -86.521872
44.31 708.25578 1.09077288626 39.1819531667 -86.5218703333
44.31 708.3643 1.09244187638 39.1819531667 -86.5218703333
41.55 708.47282 1.0974796327 39.1819546667 -86.5218686667
39.7 708.58134 1.10148974869 39.1819546667 -86.5218686667
35.94 708.68986 1.10090869989 39.1819561667 -86.5218671667
35.94 708.79838 1.10189237267 39.1819561667 -86.5218671667
34.53 708.9069 1.10584470531 39.1819576667 -86.5218658333
30.85 709.01542 1.12059782743 39.1819576667 -86.5218658333
29.69 709.15107 1.14417990891 39.1819593333 -86.5218646667
27.66 709.25959 1.15686483029 39.1819593333 -86.5218646667
27.66 709.36811 1.16616350741 39.1819611667 -86.5218635
27.65 709.50376 1.17286849386 39.1819611667 -86.5218635
26.24 709.61228 1.17995885704 39.1819628333 -86.5218623333
25.27 709.7208 1.19439991195 39.1819628333 -86.5218623333
25.27 709.85645 1.21114209187 39.1819648333 -86.5218613333
23.71 709.96497 1.21870424939 39.1819648333 -86.5218613333
22.61 710.10062 1.22686054083 39.1819668333 -86.5218601667
22.04 710.23627 1.24339110907 39.1819668333 -86.5218601667
22.04 710.34479 1.25460319075 39.1819688333 -86.5218593333
20.65 710.48044 1.26975214115 39.1819688333 -86.5218593333
19.26 710.61609 1.28875137754 39.181971 -86.5218583333
17.73 710.75174 1.30173658958 39.181971 -86.5218583333
14.92 710.86026 1.31072969709 39.1819731667 -86.5218576667
14.92 710.99591 1.32074744426 39.1819731667 -86.5218576667
14.23 711.13156 1.34058671806 39.1819753333 -86.5218568333
12.49 711.26721 1.35518451548 39.1819753333 -86.5218568333
11.24 711.40286 1.37649893455 39.1819778333 -86.5218563333
11.24 711.53851 1.37663862391 39.1819778333 -86.5218563333
10.0 711.70129 1.39647899938 39.1819801667 -86.5218558333
9.12 711.83694 1.41085772231 39.1819801667 -86.5218558333
8.1 711.97259 1.42546072611 39.1819825 -86.5218553333
8.1 712.10824 1.43998694337 39.1819825 -86.5218553333
7.74 712.27102 1.45154320261 39.181985 -86.521855
7.22 712.40667 1.4626553453 39.181985 -86.521855
6.28 712.56945 1.47642544623 39.1819875 -86.5218546667
5.69 712.7051 1.49423329845 39.1819875 -86.5218546667
5.69 712.86788 1.52660330858 39.1819901667 -86.5218545
5.15 713.00353 1.52729081288 39.1819901667 -86.5218545
straight
4.55 713.22057 1.5236027405 39.1819928333 -86.5218543333
3.31 713.32909 1.53689423894 39.1819928333 -86.5218543333
3.31 713.46474 1.54476991402 39.1819955 -86.521854
2.65 713.62752 1.55628945104 39.1819955 -86.521854
1.79 713.7903 1.55512977187 39.1819983333 -86.521854
0.6 713.95308 1.56355428769 39.1819983333 -86.521854
0.6 714.11586 1.58418743431 39.182001 -86.521854
359.68 714.25151 1.59461584577 39.182001 -86.521854
359.38 714.41429 1.59959872649 39.1820038333 -86.5218541667
359.09 714.57707 1.60451794902 39.1820038333 -86.5218541667
359.09 714.73985 1.62304343144 39.1820066667 -86.5218545
357.89 714.90263 1.62977076951 39.1820066667 -86.5218545
357.3 715.06541 1.64220047213 39.1820095 -86.5218546667
356.7 715.22819 1.64150496128 39.1820095 -86.5218546667
356.7 715.4181 1.66681784113 39.1820123333 -86.521855
356.7 715.58088 1.6854565447 39.1820123333 -86.521855
357.3 715.74366 1.68263420987 39.1820151667 -86.5218556667
357.0 715.90644 1.68818331155 39.1820151667 -86.5218556667
356.7 716.06922 1.6972658117 39.182018 -86.521856
356.7 716.25913 1.69875361593 39.182018 -86.521856
356.7 716.42191 1.70355356022 39.182021 -86.5218563333
356.7 716.58469 1.70591008551 39.182021 -86.5218563333
356.4 716.7746 1.72007823496 39.1820238333 -86.5218566667
356.4 716.93738 1.7427282888 39.1820238333 -86.5218566667
356.4 717.10016 1.74127424427 39.1820266667 -86.5218571667
356.4 717.29007 1.73759408223 39.1820266667 -86.5218571667
356.39 717.45285 1.74183320493 39.1820298333 -86.5218576667
356.1 717.64276 1.73592641884 39.1820298333 -86.5218576667
356.1 717.80554 1.7422806319 39.1820328333 -86.5218581667
356.1 717.96832 1.73592641884 39.1820328333 -86.5218581667
355.8 718.15823 1.74586833977 39.1820356667 -86.5218586667
355.8 718.32101 1.76391613029 39.1820356667 -86.5218586667
355.8 718.51092 1.76139674089 39.1820386667 -86.5218593333
355.2 718.6737 1.765752945 39.1820386667 -86.5218593333
355.5 718.86361 1.77360227496 39.1820415 -86.5218598333
355.5 719.05352 1.77348633808 39.1820415 -86.5218598333
355.5 719.2163 1.77697105056 39.1820445 -86.5218603333
355.5 719.40621 1.77105516026 39.1820445 -86.5218603333
355.79 719.56899 1.78257516426 39.1820475 -86.521861
355.49 719.7589 1.78515554678 39.1820475 -86.521861
356.39 719.92168 1.77883516916 39.1820503333 -86.5218615
356.39 720.11159 1.77953522235 39.1820503333 -86.5218615
356.08 720.3015 1.77650563122 39.1820533333 -86.521862
356.08 720.46428 1.77371822699 39.1820533333 -86.521862
356.08 720.65419 1.77221203214 39.1820563333 -86.5218625
356.08 720.81697 1.76632773438 39.1820563333 -86.5218625
356.08 721.00688 1.7772038517 39.1820591667 -86.521863
357.0 721.16966 1.76345752356 39.1820591667 -86.521863
357.31 721.35957 1.75706197785 39.182062 -86.5218635
357.0 721.52235 1.74519451949 39.182062 -86.5218635
357.0 721.68513 1.73061134146 39.182065 -86.521864
357.0 721.87504 1.72620690972 39.182065 -86.521864
356.69 722.03782 1.72073279635 39.1820678333 -86.5218643333
356.69 722.2006 1.7181175353 39.1820678333 -86.5218643333
356.69 722.39051 1.71183002082 39.1820706667 -86.5218648333
357.31 722.55329 1.70612463841 39.1820706667 -86.5218648333
357.31 722.71607 1.70537393928 39.1820735 -86.5218651667
357.31 722.87885 1.6972658117 39.1820735 -86.5218651667
357.31 723.06876 1.67847030438 39.1820763333 -86.5218655
turn
357.0 723.23154 1.67567129887 39.1820763333 -86.5218655
357.31 723.39432 1.67381047566 39.1820791667 -86.5218658333
357.31 723.5571 1.66876577685 39.1820791667 -86.5218658333
357.93 723.71988 1.66079786974 39.182082 -86.5218661667
357.93 723.88266 1.66018810427 39.182082 -86.5218661667
357.92 724.07257 1.66364937454 39.1820846667 -86.5218665
357.62 724.23535 1.65714598094 39.1820846667 -86.5218665
357.62 724.39813 1.64210107735 39.1820875 -86.5218668333
357.92 724.56091 1.6416042839 39.1820875 -86.5218668333
357.61 724.72369 1.65330859232 39.1820903333 -86.521867
357.61 724.88647 1.65139655487 39.1820903333 -86.521867
357.91 725.04925 1.64478896635 39.182093 -86.5218673333
357.91 725.21203 1.64608627594 39.182093 -86.5218673333
358.52 725.37481 1.66161158746 39.1820956667 -86.5218676667
358.21 725.53759 1.66161158746 39.1820956667 -86.5218676667
357.91 725.7275 1.66018810427 39.1820985 -86.5218678333
357.0 725.89028 1.66212056607 39.1820985 -86.5218678333
357.0 726.05306 1.68263420987 39.1821013333 -86.521868
354.0 726.21584 1.69292362411 39.1821013333 -86.521868
353.38 726.37862 1.68912924916 39.1821041667 -86.5218683333
353.08 726.56853 1.69186792218 39.1821041667 -86.5218683333
353.08 726.73131 1.70924173124 39.182107 -86.5218688333
350.09 726.89409 1.70891874528 39.182107 -86.5218688333
345.84 727.084 1.70387452113 39.1821096667 -86.5218695
343.42 727.24678 1.702912001 39.1821096667 -86.5218695
343.42 727.40956 1.7001374859 39.1821125 -86.5218703333
340.74 727.57234 1.69503898538 39.1821125 -86.5218703333
339.3 727.76225 1.70709079469 39.1821151667 -86.5218716667
336.24 727.92503 1.70056374577 39.1821151667 -86.5218716667
336.24 728.08781 1.70280512145 39.1821178333 -86.5218733333
333.22 728.33198 1.71215410829 39.1821178333 -86.5218733333
330.61 728.4405 1.70848828715 39.1821201667 -86.5218753333
327.57 728.60328 1.6952508123 39.1821201667 -86.5218753333
321.44 728.76606 1.6935576779 39.1821226667 -86.5218775
321.44 728.92884 1.69790312285 39.1821226667 -86.5218775
318.42 729.11875 1.71312710741 39.1821248333 -86.5218801667
315.71 729.28153 1.72521900038 39.1821248333 -86.5218801667
312.97 729.47144 1.7269760662 39.1821268333 -86.521883
312.97 729.63422 1.72785594192 39.1821268333 -86.521883
310.88 729.797 1.73193705713 39.1821286667 -86.521886
309.17 729.98691 1.73271132967 39.1821286667 -86.521886
305.95 730.14969 1.73548224909 39.1821303333 -86.5218893333
303.89 730.3396 1.748681534 39.1821303333 -86.5218893333
303.89 730.50238 1.75979723682 39.1821318333 -86.5218928333
301.37 730.66516 1.76701797577 39.1821318333 -86.5218928333
298.12 730.85507 1.76529338278 39.182133 -86.5218963333
295.98 731.04498 1.7571757772 39.182133 -86.5218963333
295.98 731.20776 1.75615211341 39.1821341667 -86.5219001667
293.79 731.39767 1.7708239671 39.1821341667 -86.5219001667
291.52 731.56045 1.7782522121 39.1821348333 -86.521904
286.45 731.75036 1.7873900784 39.1821348333 -86.521904
286.45 731.91314 1.78951216938 39.1821355 -86.521908
283.56 732.10305 1.7923494748 39.1821355 -86.521908
281.0 732.29296 1.79578991263 39.1821358333 -86.5219121667
278.44 732.45574 1.79010253365 39.1821358333 -86.5219121667
278.44 732.64565 1.79246789112 39.182136 -86.5219161667
275.98 732.88982 1.8179304476 39.182136 -86.5219161667
straight
273.1 732.99834 1.83241888424 39.1821358333 -86.5219203333
270.98 733.18825 1.84199837056 39.1821358333 -86.5219203333
268.82 733.37816 1.84550670022 39.1821355 -86.5219245
268.82 733.56807 1.86018471032 39.1821355 -86.5219245
267.73 733.75798 1.86992859604 39.1821348333 -86.5219285
265.88 733.92076 1.87457983832 39.1821348333 -86.5219285
265.49 734.11067 1.88670333797 39.1821341667 -86.5219325
265.49 734.30058 1.90806624938 39.1821341667 -86.5219325
264.78 734.51762 1.91642254715 39.1821335 -86.5219368333
262.59 734.70753 1.92144433428 39.1821335 -86.5219368333
261.86 734.89744 1.92389689406 39.1821326667 -86.521941
261.09 735.08735 1.93253037966 39.1821326667 -86.521941
261.09 735.27726 1.93819074153 39.1821316667 -86.5219451667
260.29 735.46717 1.94989176369 39.1821316667 -86.5219451667
259.59 735.65708 1.9678533401 39.1821308333 -86.5219495
258.13 735.87412 1.97487217936 39.1821308333 -86.5219495
258.13 736.06403 1.97372282846 39.1821296667 -86.5219535
256.63 736.25394 1.97919419317 39.1821296667 -86.5219535
255.84 736.47098 1.99652616087 39.1821285 -86.5219578333
254.62 736.66089 1.99976369131 39.1821285 -86.5219578333
254.62 736.8508 2.01446346896 39.1821271667 -86.521962
253.46 737.06784 2.02362899978 39.1821271667 -86.521962
252.38 737.25775 2.0204642538 39.1821256667 -86.521966
251.58 737.47479 2.03409761583 39.1821256667 -86.521966
251.58 737.6647 2.03654060952 39.1821241667 -86.5219701667
251.32 737.88174 2.04977289211 39.1821241667 -86.5219701667
251.42 738.09878 2.04776164239 39.1821225 -86.5219741667
251.79 738.28869 2.0666357404 39.1821225 -86.5219741667
251.79 738.50573 2.07374409539 39.182121 -86.5219785
252.25 738.69564 2.05973231096 39.182121 -86.5219785
253.07 738.91268 2.07835100352 39.1821196667 -86.5219828333
253.97 739.12972 2.09698515999 39.1821196667 -86.5219828333
254.27 739.34676 2.10348844782 39.1821181667 -86.521987
254.27 739.53667 2.11167450187 39.1821181667 -86.521987
254.34 739.75371 2.11348399159 39.1821168333 -86.5219913333
254.78 739.97075 2.11595648105 39.1821168333 -86.5219913333
255.15 740.18779 2.13443426953 39.1821155 -86.521996
255.96 740.40483 2.14557485172 39.1821155 -86.521996
255.96 740.62187 2.14744293177 39.1821143333 -86.5220003333
256.33 740.83891 2.16112744942 39.1821143333 -86.5220003333
256.76 741.05595 2.176208711 39.1821128333 -86.522005
257.02 741.27299 2.16647720195 39.1821128333 -86.522005
257.02 741.49003 2.17603416747 39.1821116667 -86.5220095
257.45 741.70707 2.18990992009 39.1821116667 -86.5220095
258.2 741.92411 2.19789322748 39.1821105 -86.5220141667
258.53 742.14115 2.20199610421 39.1821105 -86.5220141667
258.53 742.35819 2.2093480456 39.1821093333 -86.5220188333
259.67 742.57523 2.22110470733 39.1821093333 -86.5220188333
260.82 742.79227 2.22037760864 39.1821083333 -86.5220236667
turn
260.86 743.03644 2.22895119947 39.1821083333 -86.5220236667
262.0 743.25348 2.23041713252 39.1821083333 -86.5220236667
262.0 743.47052 2.24239970245 39.1821073333 -86.5220285
262.77 743.68756 2.24444027134 39.1821063333 -86.5220333333
263.92 743.93173 2.25301395117 39.1821063333 -86.5220333333
264.69 744.14877 2.25226581438 39.1821056667 -86.5220381667
264.69 744.36581 2.27092943835 39.1821056667 -86.5220381667
266.62 744.60998 2.26827138199 39.182105 -86.5220431667
267.0 744.82702 2.27721957361 39.182105 -86.5220431667
268.14 745.07119 2.28412140091 39.1821043333 -86.5220481667
268.52 745.28823 2.28566082561 39.1821043333 -86.5220481667
268.52 745.50527 2.30038952009 39.1821038333 -86.5220533333
268.89 745.74944 2.31827685209 39.1821038333 -86.5220533333
270.01 745.99361 2.31570450666 39.1821035 -86.5220583333
269.25 746.21065 2.32264309563 39.1821035 -86.5220583333
269.25 746.45482 2.32922338599 39.182103 -86.5220635
268.86 746.67186 2.33684702842 39.182103 -86.5220635
268.47 746.91603 2.34715753958 39.1821026667 -86.5220686667
267.37 747.1602 2.34371060815 39.1821026667 -86.5220686667
267.37 747.37724 2.33987011643 39.1821021667 -86.522074
265.91 747.62141 2.35612627008 39.1821021667 -86.522074
264.09 747.86558 2.36598883753 39.1821013333 -86.5220793333
258.32 748.08262 2.34918988657 39.1821013333 -86.5220793333
258.32 748.32679 2.34939331486 39.1821003333 -86.5220843333
255.44 748.54383 2.33162547267 39.1821003333 -86.5220843333
251.73 748.788 2.30410140127 39.1820988333 -86.5220893333
247.82 749.03217 2.32105346907 39.1820988333 -86.5220893333
247.82 749.24921 2.31057690342 39.182097 -86.5220938333
244.0 749.49338 2.29087173858 39.182097 -86.5220938333
239.93 749.71042 2.26486301027 39.1820946667 -86.5220981667
235.69 749.92746 2.2479736515 39.1820946667 -86.5220981667
231.01 750.17163 2.26391805741 39.182092 -86.5221018333
231.01 750.38867 2.24425461163 39.182092 -86.5221018333
227.91 750.60571 2.22565988515 39.1820891667 -86.5221051667
222.86 750.82275 2.1968254251 39.1820891667 -86.5221051667
219.03 751.03979 2.1472729719 39.182086 -86.5221081667
215.67 751.25683 2.14659340138 39.182086 -86.5221081667
215.67 751.47387 2.13948379465 39.1820826667 -86.5221103333
208.14 751.69091 2.1260711543 39.1820826667 -86.5221103333
205.55 751.88082 2.09585121669 39.1820791667 -86.5221121667
202.16 752.09786 2.06114062144 39.1820791667 -86.5221121667
202.16 752.28777 2.04606289593 39.1820756667 -86.5221135
198.58 752.50481 2.0204642538 39.1820756667 -86.5221135
195.15 752.69472 2.00909315758 39.1820723333 -86.5221143333
191.91 752.91176 1.97429733663 39.1820723333 -86.5221143333
191.91 753.10167 1.95904354105 39.1820688333 -86.5221146667
188.23 753.29158 1.92090016992 39.1820688333 -86.5221146667
185.2 753.48149 1.88277543373 39.1820653333 -86.5221146667
straight
182.27 753.6714 1.87665449263 39.1820653333 -86.5221146667
179.64 753.86131 1.85357614265 39.1820621667 -86.5221143333
179.64 754.02409 1.81829595872 39.1820621667 -86.5221143333
176.02 754.214 1.78093698306 39.1820588333 -86.5221136667
172.75 754.37678 1.75774499514 39.1820588333 -86.5221136667
167.06 754.53956 1.73304337272 39.1820558333 -86.5221126667
167.06 754.72947 1.70462390048 39.1820558333 -86.5221126667
164.09 754.89225 1.68514248447 39.1820531667 -86.5221113333
161.67 755.05503 1.6682527209 39.1820531667 -86.5221113333
159.98 755.21781 1.65532605247 39.1820505 -86.5221096667
159.98 755.38059 1.63232019734 39.1820505 -86.5221096667
159.24 755.54337 1.60271703686 39.1820478333 -86.5221081667
156.77 755.70615 1.58594692231 39.1820478333 -86.5221081667
156.33 755.86893 1.5652682167 39.1820453333 -86.5221066667
156.19 756.00458 1.55620018355 39.1820453333 -86.5221066667
156.19 756.16736 1.53524185152 39.1820428333 -86.5221051667
155.58 756.33014 1.51712766314 39.1820428333 -86.5221051667
154.98 756.46579 1.50885901785 39.1820406667 -86.5221035
155.0 756.62857 1.49645857694 39.1820406667 -86.5221035
155.0 756.76422 1.47490046208 39.1820381667 -86.522102
154.69 756.89987 1.46100129241 39.1820381667 -86.522102
153.94 757.06265 1.44381853015 39.1820358333 -86.5221003333
153.03 757.1983 1.43072267046 39.1820358333 -86.5221003333
153.03 757.33395 1.4209811973 39.1820336667 -86.5220988333
151.82 757.4696 1.41350390747 39.1820336667 -86.5220988333
152.72 757.63238 1.39655088279 39.1820316667 -86.5220971667
149.08 757.76803 1.38691309682 39.1820316667 -86.5220971667
149.08 757.90368 1.37894759848 39.1820296667 -86.5220956667
151.98 758.03933 1.36562108018 39.1820296667 -86.5220956667
151.39 758.17498 1.35234742299 39.1820276667 -86.5220941667
150.64 758.31063 1.3406529624 39.1820276667 -86.5220941667
150.22 758.44628 1.32876843961 39.1820256667 -86.5220923333
150.22 758.5548 1.32171257368 39.1820256667 -86.5220923333
150.22 758.69045 1.3144127707 39.1820238333 -86.5220908333
150.27 758.8261 1.30136195318 39.1820238333 -86.5220908333
151.13 758.96175 1.28807833642 39.1820218333 -86.5220893333
151.13 759.07027 1.28332595431 39.1820218333 -86.5220893333
153.05 759.20592 1.27500324263 39.1820198333 -86.522088
153.63 759.34157 1.26019759394 39.1820198333 -86.522088
154.07 759.45009 1.24596068886 39.182018 -86.5220866667
154.07 759.58574 1.23226570377 39.182018 -86.5220866667
154.07 759.69426 1.22808229223 39.1820161667 -86.5220855
155.83 759.82991 1.21936152809 39.1820161667 -86.5220855
155.53 759.93843 1.20952226829 39.1820143333 -86.5220843333
156.72 760.07408 1.20116854828 39.1820143333 -86.5220843333
156.72 760.1826 1.18942542744 39.1820125 -86.522083
156.85 760.29112 1.18031819368 39.1820125 -86.522083
157.87 760.42677 1.17185530408 39.1820106667 -86.522082
157.75 760.53529 1.16927957592 39.1820106667 -86.522082
157.75 760.64381 1.16556231473 39.1820088333 -86.522081
158.17 760.77946 1.15770403243 39.1820088333 -86.522081
158.78 760.88798 1.14878240251 39.182007 -86.52208
160.11 760.9965 1.14567771631 39.182007 -86.52208
160.83 761.10502 1.14650076065 39.1820051667 -86.522079
160.83 761.21354 1.14331201011 39.1820051667 -86.522079
161.44 761.34919 1.13841868077 39.1820033333 -86.5220781667
162.06 761.45771 1.12983775455 39.1820033333 -86.5220781667
162.37 761.56623 1.13247877447 39.1820015 -86.5220771667
162.37 761.67475 1.13451509576 39.1820015 -86.5220771667
163.0 761.78327 1.13460998662 39.1819996667 -86.5220763333
163.09 761.91892 1.13837091428 39.1819996667 -86.5220763333
163.8 762.02744 1.1193033541 39.1819978333 -86.5220756667
163.8 762.13596 1.11100712531 39.1819978333 -86.5220756667
164.81 762.24448 1.11041599476 39.181996 -86.522075
165.43 762.353 1.10588978111 39.181996 -86.522075
165.82 762.46152 1.10341605661 39.1819941667 -86.5220743333
166.51 762.57004 1.10238486855 39.1819941667 -86.5220743333
166.51 762.67856 1.10090869989 39.1819923333 -86.5220736667
167.51 762.78708 1.09957015482 39.1819923333 -86.5220736667
168.44 762.8956 1.10006057657 39.1819905 -86.522073
168.75 763.00412 1.10368537955 39.1819905 -86.522073
168.75 763.11264 1.11768946198 39.1819888333 -86.5220725
169.43 763.22116 1.12212730582 39.1819888333 -86.5220725
170.1 763.35681 1.1084199044 39.181987 -86.5220718333
170.68 763.46533 1.09583948623 39.181987 -86.5220718333
170.68 763.57385 1.0905974997 39.181985 -86.5220711667
turn
170.68 763.68237 1.08371455962 39.181985 -86.5220711667
170.99 763.79089 1.07773075395 39.1819833333 -86.5220706667
171.31 763.87228 1.07363648595 39.1819833333 -86.5220706667
171.62 763.9808 1.06885687271 39.1819815 -86.5220701667
171.62 764.08932 1.06353563309 39.1819815 -86.5220701667
172.25 764.19784 1.061330595 39.1819796667 -86.5220696667
172.25 764.30636 1.06112304443 39.1819796667 -86.5220696667
173.2 764.41488 1.06345225776 39.1819778333 -86.5220693333
173.2 764.5234 1.06721713477 39.1819778333 -86.5220693333
173.2 764.63192 1.06453715766 39.1819761667 -86.5220688333
173.81 764.74044 1.06295228021 39.1819761667 -86.5220688333
174.46 764.84896 1.06898321513 39.1819743333 -86.5220685
174.46 764.95748 1.07580768468 39.1819743333 -86.5220685
176.37 765.066 1.08237429187 39.1819725 -86.522068
173.51 765.17452 1.08475446803 39.1819725 -86.522068
175.1 765.28304 1.08458101139 39.1819706667 -86.5220676667
175.72 765.39156 1.08736299146 39.1819706667 -86.5220676667
175.72 765.50008 1.08714513544 39.1819686667 -86.5220673333
175.72 765.6086 1.089108988 39.1819686667 -86.5220673333
172.22 765.71712 1.09535282006 39.1819668333 -86.522067
173.49 765.82564 1.09792375865 39.1819668333 -86.522067
173.49 765.93416 1.09716895827 39.181965 -86.5220665
174.45 766.04268 1.09257385631 39.181965 -86.5220665
172.19 766.1512 1.09217801216 39.1819631667 -86.5220661667
170.95 766.25972 1.09544127266 39.1819631667 -86.5220661667
170.95 766.36824 1.09151890892 39.1819613333 -86.5220656667
170.28 766.47676 1.08875934026 39.1819613333 -86.5220656667
166.44 766.58528 1.08562258413 39.1819595 -86.522065
166.44 766.6938 1.07363648595 39.1819595 -86.522065
164.81 766.80232 1.06166284484 39.1819576667 -86.5220641667
164.81 766.91084 1.05276450274 39.1819576667 -86.5220641667
162.78 767.01936 1.04841154649 39.181956 -86.5220633333
160.52 767.10075 1.04837103443 39.181956 -86.5220633333
158.78 767.20927 1.04638977168 39.1819543333 -86.5220623333
158.78 767.31779 1.03901631434 39.1819543333 -86.5220623333
156.85 767.42631 1.02846072782 39.1819526667 -86.5220613333
152.77 767.53483 1.0155260518 39.1819526667 -86.5220613333
152.47 767.61622 1.00839226909 39.181951 -86.52206
152.47 767.72474 1.00025047928 39.181951 -86.52206
149.54 767.83326 0.99133272435 39.1819496667 -86.5220586667
145.16 767.91465 0.984998329945 39.1819496667 -86.5220586667
143.99 768.02317 0.978744372294 39.1819483333 -86.5220573333
143.85 768.10456 0.973232198587 39.1819483333 -86.5220573333
143.85 768.21308 0.966816121445 39.1819468333 -86.522056
142.19 768.29447 0.964033471911 39.1819468333 -86.522056
140.73 768.40299 0.960144176664 39.1819456667 -86.5220545
140.73 768.51151 0.959125888217 39.1819456667 -86.5220545
140.03 768.5929 0.95763629946 39.1819443333 -86.522053
137.13 768.70142 0.954872558336 39.1819443333 -86.522053
135.93 768.78281 0.950523560943 39.1819431667 -86.5220515
134.25 768.8642 0.943811104154 39.1819431667 -86.5220515
134.25 768.97272 0.933934388985 39.181942 -86.5220498333
132.58 769.05411 0.931145759687 39.181942 -86.5220498333
131.8 769.16263 0.926060484009 39.181941 -86.5220481667
128.44 769.24402 0.921437100937 39.181941 -86.5220481667
126.5 769.35254 0.920280655337 39.18194 -86.5220465
126.5 769.43393 0.921499694314 39.18194 -86.5220465
124.75 769.51532 0.925113172162 39.1819391667 -86.5220446667
123.58 769.62384 0.931753348444 39.1819391667 -86.5220446667
122.43 769.70523 0.934899862164 39.1819383333 -86.5220428333
122.43 769.81375 0.933870095002 39.1819383333 -86.5220428333
121.17 769.89514 0.933484516928 39.1819376667 -86.522041
120.56 770.00366 0.935415597849 39.1819376667 -86.522041
119.6 770.08505 0.936448778131 39.181937 -86.5220391667
119.6 770.19357 0.939562058457 39.181937 -86.5220391667
118.64 770.27496 0.940898005896 39.1819363333 -86.5220371667
117.53 770.35635 0.941061186264 39.1819363333 -86.5220371667
116.58 770.492 0.938879260823 39.1819356667 -86.5220351667
115.78 770.54626 0.939171766824 39.1819356667 -86.5220351667
115.78 770.65478 0.939041741659 39.181935 -86.5220333333
113.71 770.73617 0.941943339235 39.181935 -86.5220333333
112.44 770.84469 0.947205041371 39.1819343333 -86.5220311667
111.77 770.92608 0.95189088485 39.1819343333 -86.5220311667
111.77 771.0346 0.955410571539 39.181934 -86.5220291667
110.97 771.11599 0.954603778896 39.181934 -86.5220291667
109.82 771.22451 0.950223942281 39.1819335 -86.5220271667
109.0 771.3059 0.947999371047 39.1819335 -86.5220271667
109.0 771.41442 0.945323832753 39.181933 -86.522025
107.98 771.49581 0.946742296821 39.181933 -86.522025
106.73 771.60433 0.954301582835 39.1819325 -86.522023
106.04 771.68572 0.956623320757 39.1819325 -86.522023
105.15 771.79424 0.95608394122 39.1819321667 -86.5220208333
105.15 771.87563 0.955309647887 39.1819321667 -86.5220208333
104.27 771.98415 0.956792001693 39.1819318333 -86.5220186667
103.75 772.09267 0.96482197724 39.1819318333 -86.5220186667
103.14 772.17406 0.972918095101 39.1819315 -86.5220166667
103.14 772.28258 0.979132917103 39.1819315 -86.5220166667
102.61 772.36397 0.983819632302 39.1819311667 -86.5220145
101.74 772.47249 0.986215703381 39.1819311667 -86.5220145
101.38 772.58101 0.984176515399 39.1819308333 -86.5220123333
101.38 772.6624 0.980477539662 39.1819308333 -86.5220123333
101.11 772.79805 0.974665684725 39.1819305 -86.5220101667
100.32 772.85231 0.976033169047 39.1819305 -86.5220101667
99.53 772.96083 0.980442107546 39.1819301667 -86.522008
98.82 773.06935 0.985034092147 39.1819301667 -86.522008
98.82 773.15074 0.987148668316 39.1819298333 -86.5220058333
98.39 773.25926 0.988263359196 39.1819298333 -86.5220058333
98.04 773.36778 0.992965413754 39.1819296667 -86.5220036667
97.62 773.44917 1.00065629034 39.1819296667 -86.5220036667
97.62 773.55769 1.01026974493 39.1819295 -86.5220015
96.59 773.66621 1.01499416386 39.1819295 -86.5220015
95.82 773.77473 1.0196480006 39.1819293333 -86.5219991667
95.77 773.85612 1.018958687 39.1819293333 -86.5219991667
95.77 773.96464 1.01434904849 39.1819291667 -86.5219968333
95.05 774.07316 1.00854221033 39.1819291667 -86.5219968333
straight
94.69 774.18168 1.00745614556 39.1819291667 -86.5219946667
94.69 774.26307 1.01064607934 39.1819291667 -86.5219946667
94.33 774.37159 1.01453870316 39.181929 -86.5219923333
94.33 774.48011 1.01712506561 39.181929 -86.5219923333
94.0 774.58863 1.01628685945 39.181929 -86.5219901667
93.6 774.67002 1.01640107893 39.181929 -86.5219901667
93.6 774.77854 1.02102942947 39.1819288333 -86.5219878333
93.6 774.88706 1.02690363361 39.1819288333 -86.5219878333
93.6 774.99558 1.03092274955 39.1819288333 -86.5219855
92.91 775.1041 1.03639674536 39.1819288333 -86.5219855
