332.84 91.88931 0.091797023874 39.1818818333 -86.5219631667
332.84 91.91644 0.097845493036 39.1818818333 -86.5219631667
333.1 91.94357 0.108570078274 39.181882 -86.5219635
333.1 91.94357 0.108570078274 39.181882 -86.5219635
333.37 91.9707 0.123621291584 39.1818823333 -86.5219638333
333.37 91.9707 0.123621291584 39.1818823333 -86.5219638333
333.37 91.99783 0.13846833899 39.1818825 -86.5219643333
333.37 91.99783 0.13846833899 39.1818825 -86.5219643333
333.37 92.02496 0.146394178938 39.1818828333 -86.5219646667
333.37 92.05209 0.152271341498 39.1818828333 -86.5219646667
333.37 92.07922 0.174580093433 39.1818833333 -86.5219651667
333.1 92.83886 0.180626308221 39.1818833333 -86.5219651667
333.77 92.86599 0.189590599712 39.1818836667 -86.5219656667
333.5 92.89312 0.20201182401 39.1818836667 -86.5219656667
333.5 92.92025 0.221510226076 39.1818838333 -86.5219661667
334.45 92.97451 0.285035237015 39.1818838333 -86.5219661667
335.28 93.02877 0.325570830283 39.1818843333 -86.5219666667
335.13 93.08303 0.430121819364 39.1818843333 -86.5219666667
335.13 93.21868 0.643825201709 39.1818851667 -86.5219675
335.81 93.21868 0.643825201709 39.1818851667 -86.5219675
337.04 93.30007 0.728323910767 39.1818861667 -86.5219683333
338.72 93.40859 0.809149835968 39.1818861667 -86.5219683333
337.99 93.40859 0.809149835968 39.1818875 -86.5219693333
337.99 93.54424 0.870804788805 39.1818875 -86.5219693333
340.17 93.65276 0.912051433758 39.1818888333 -86.5219703333
343.5 93.76128 0.952224975432 39.1818888333 -86.5219703333
345.97 93.8698 0.985069856946 39.1818903333 -86.5219713333
345.97 93.95119 1.00611117704 39.1818903333 -86.5219713333
348.12 94.05971 1.03174604503 39.181892 -86.521972
349.34 94.16823 1.05513919029 39.181892 -86.521972
352.0 94.27675 1.08211526803 39.1818938333 -86.5219726667
354.06 94.38527 1.11009795417 39.1818938333 -86.5219726667
354.06 94.52092 1.13880095702 39.1818955 -86.5219731667
356.12 94.62944 1.15597758841 39.1818955 -86.5219731667
358.77 94.73796 1.16571255478 39.1818975 -86.5219735
1.12 94.87361 1.1848025678 39.1818975 -86.5219735
1.12 94.98213 1.20683216939 39.1818995 -86.5219735
2.55 95.11778 1.2307563963 39.1818995 -86.5219735
4.62 95.2263 1.24905823857 39.1819016667 -86.5219736667
6.06 95.36195 1.26501580641 39.1819016667 -86.5219736667
6.06 95.4976 1.27620273766 39.1819038333 -86.5219736667
8.76 95.60612 1.28429794083 39.1819038333 -86.5219736667
9.12 95.74177 1.29459340554 39.1819061667 -86.5219733333
11.11 95.87742 1.31016003477 39.1819061667 -86.5219733333
10.13 96.01307 1.32844312785 39.1819085 -86.521973
10.13 96.14872 1.3602804713 39.1819085 -86.521973
11.65 96.28437 1.39368130683 39.1819108333 -86.5219725
10.79 96.44715 1.42321743692 39.1819108333 -86.5219725
10.87 96.5828 1.4400633758 39.1819131667 -86.5219721667
10.87 96.71845 1.45746946011 39.1819131667 -86.5219721667
10.58 96.88123 1.47026467241 39.1819156667 -86.5219716667
8.6 97.01688 1.47811462817 39.1819156667 -86.5219716667
9.78 97.17966 1.49720181005 39.1819183333 -86.5219715
9.78 97.31531 1.50076302688 39.1819183333 -86.5219715
9.49 97.47809 1.50651307679 39.1819211667 -86.5219715
6.75 97.61374 1.51188598495 39.1819211667 -86.5219715
1.57 97.77652 1.50392427938 39.1819238333 -86.5219713333
359.13 97.91217 1.50450806854 39.1819238333 -86.5219713333
359.13 98.07495 1.50126128818 39.1819268333 -86.5219715
357.0 98.2106 1.49522149352 39.1819268333 -86.5219715
353.7 98.37338 1.50142744881 39.1819295 -86.5219718333
352.21 98.53616 1.51450228871 39.1819295 -86.5219718333
352.21 98.67181 1.52694698334 39.1819321667 -86.5219723333
349.5 98.83459 1.53741678472 39.1819321667 -86.5219723333
347.43 98.99737 1.55308226 39.1819348333 -86.5219731667
347.14 99.16015 1.57673005172 39.1819348333 -86.5219731667
347.14 99.2958 1.59621074307 39.1819375 -86.5219741667
346.19 99.45858 1.60281172092 39.1819375 -86.5219741667
345.84 99.62136 1.60632291297 39.1819401667 -86.5219753333
345.32 99.78414 1.63271312511 39.1819401667 -86.5219753333
345.68 99.97405 1.65886848059 39.181943 -86.5219765
345.68 100.13683 1.66446588957 39.181943 -86.5219765
345.84 100.29961 1.67082116024 39.1819455 -86.5219776667
346.49 100.46239 1.67494715397 39.1819455 -86.5219776667
347.61 100.62517 1.6986472577 39.1819481667 -86.5219788333
347.61 100.78795 1.69229004491 39.1819481667 -86.5219788333
348.8 100.97786 1.67982131137 39.181951 -86.52198
350.39 101.14064 1.68839342834 39.181951 -86.52198
353.08 101.30342 1.69599262362 39.1819538333 -86.521981
353.08 101.4662 1.68065378182 39.1819538333 -86.521981
356.1 101.62898 1.66907376192 39.1819565 -86.5219816667
358.79 101.79176 1.64538747043 39.1819565 -86.5219816667
2.09 101.95454 1.62908574517 39.1819595 -86.5219821667
5.29 102.11732 1.61531281257 39.1819595 -86.5219821667
5.29 102.2801 1.61512049053 39.1819623333 -86.5219821667
7.61 102.44288 1.61147505346 39.1819623333 -86.5219821667
9.77 102.60566 1.60110911773 39.1819651667 -86.5219818333
12.22 102.76844 1.61176225272 39.1819651667 -86.5219818333
12.22 102.93122 1.61627511021 39.1819678333 -86.5219811667
13.54 103.094 1.62898793155 39.1819678333 -86.5219811667
17.01 103.25678 1.62129759771 39.1819705 -86.5219803333
18.76 103.41956 1.62129759771 39.1819705 -86.5219803333
18.76 103.58234 1.63241841155 39.1819733333 -86.5219795
17.4 103.79938 1.63744305631 39.1819733333 -86.5219795
16.12 103.9079 1.63359790462 39.181976 -86.5219786667
16.41 104.07068 1.63418829057 39.181976 -86.5219786667
16.41 104.23346 1.6418029652 39.1819788333 -86.5219775
16.41 104.39624 1.65179872146 39.1819788333 -86.5219775
14.7 104.55902 1.64758571689 39.1819815 -86.5219765
15.56 104.74893 1.65119554501 39.1819815 -86.5219765
12.88 104.91171 1.66150982914 39.1819843333 -86.5219756667
12.88 105.07449 1.66958732308 39.1819843333 -86.5219756667
14.31 105.23727 1.65381249619 39.1819871667 -86.5219748333
8.67 105.40005 1.65815878254 39.1819871667 -86.5219748333
8.07 105.56283 1.67329431356 39.18199 -86.5219743333
3.73 105.72561 1.66917644887 39.18199 -86.5219743333
3.73 105.88839 1.65704476883 39.1819928333 -86.5219738333
0.94 106.05117 1.64289657261 39.1819928333 -86.5219738333
357.91 106.24108 1.65340934853 39.1819958333 -86.5219738333
354.59 106.40386 1.65220108398 39.1819958333 -86.5219738333
354.59 106.56664 1.64528768951 39.1819986667 -86.521974
350.69 106.72942 1.64858686273 39.1819986667 -86.521974
348.26 106.8922 1.64041320515 39.1820015 -86.5219746667
344.08 107.05498 1.65927429515 39.1820015 -86.5219746667
344.08 107.21776 1.66201874541 39.1820041667 -86.5219756667
342.84 107.38054 1.66548766114 39.1820041667 -86.5219756667
338.44 107.54332 1.65765222704 39.182007 -86.5219771667
334.18 107.7061 1.64898766182 39.182007 -86.5219771667
334.18 107.89601 1.65876705796 39.1820096667 -86.5219788333
326.8 108.19444 1.67660326288 39.1820096667 -86.5219788333
322.83 108.22157 1.67567129887 39.182012 -86.5219808333
317.71 108.38435 1.66426168568 39.182012 -86.5219808333
314.86 108.54713 1.65856424991 39.1820141667 -86.5219831667
314.86 108.70991 1.6659990175 39.1820141667 -86.5219831667
310.92 108.87269 1.66856051661 39.1820161667 -86.521986
307.89 109.0626 1.67867801015 39.1820161667 -86.521986
304.65 109.22538 1.67474037037 39.1820178333 -86.521989
304.65 109.38816 1.68535184495 39.1820178333 -86.521989
300.27 109.55094 1.68461931077 39.1820193333 -86.5219923333
296.61 109.71372 1.68294733577 39.1820193333 -86.5219923333
293.34 109.90363 1.68346947133 39.1820203333 -86.521996
293.34 110.06641 1.6659990175 39.1820203333 -86.521996
289.27 110.22919 1.67143876294 39.182021 -86.5219996667
285.53 110.39197 1.68357393733 39.182021 -86.5219996667
277.75 110.55475 1.68828836341 39.1820215 -86.5220033333
274.29 110.74466 1.68503782374 39.1820215 -86.5220033333
274.29 110.90744 1.68535184495 39.1820215 -86.5220071667
270.12 111.07022 1.68514248447 39.1820215 -86.5220071667
266.31 111.233 1.67971731055 39.1820211667 -86.5220108333
262.84 111.39578 1.67950934753 39.1820211667 -86.5220108333
262.84 111.58569 1.68409646182 39.1820206667 -86.5220146667
258.94 111.74847 1.69588661083 39.1820206667 -86.5220146667
255.62 111.91125 1.70956483932 39.1820196667 -86.5220181667
252.65 112.10116 1.73826204511 39.1820196667 -86.5220181667
252.65 112.26394 1.73537124216 39.1820185 -86.5220216667
249.58 112.42672 1.73481642049 39.1820185 -86.5220216667
247.48 112.61663 1.75082563242 39.182017 -86.5220251667
246.13 112.77941 1.75808670295 39.182017 -86.5220251667
244.88 112.96932 1.76231204937 39.1820155 -86.5220285
244.88 113.1321 1.76563803202 39.1820155 -86.5220285
243.5 113.32201 1.7853904975 39.1820138333 -86.5220318333
243.03 113.51192 1.79602767112 39.1820138333 -86.5220318333
243.11 113.6747 1.77976869588 39.1820123333 -86.5220353333
243.11 113.86461 1.78362987312 39.1820123333 -86.5220353333
243.8 114.02739 1.78998442964 39.1820106667 -86.5220386667
244.62 114.2173 1.79365291551 39.1820106667 -86.5220386667
245.91 114.40721 1.78691918593 39.182009 -86.5220421667
245.91 114.56999 1.78562551007 39.182009 -86.5220421667
248.03 114.81416 1.79864717582 39.1820075 -86.5220456667
250.5 114.92268 1.7905751056 39.1820075 -86.5220456667
252.99 115.11259 1.76391613029 39.1820061667 -86.5220493333
256.15 115.27537 1.76621274657 39.1820061667 -86.5220493333
256.15 115.46528 1.75342816519 39.182005 -86.5220531667
259.89 115.62806 1.74879425035 39.182005 -86.5220531667
264.22 115.81797 1.75229567913 39.1820041667 -86.5220571667
271.64 115.98075 1.76093944311 39.1820041667 -86.5220571667
271.64 116.17066 1.75592479451 39.1820038333 -86.5220611667
275.14 116.33344 1.76128239418 39.1820038333 -86.5220611667
278.92 116.52335 1.76736329881 39.1820036667 -86.5220651667
282.68 116.68613 1.77163340734 39.1820036667 -86.5220651667
282.68 116.87604 1.78809688262 39.182004 -86.5220691667
286.11 117.12021 1.82355114935 39.182004 -86.5220691667
289.14 117.22873 1.82883680485 39.1820045 -86.5220731667
291.44 117.41864 1.84262387938 39.1820045 -86.5220731667
293.29 117.60855 1.85878281721 39.1820055 -86.522077
293.29 117.79846 1.8703153178 39.1820055 -86.522077
294.07 117.98837 1.88316748803 39.1820065 -86.522081
295.5 118.17828 1.89978250823 39.1820065 -86.522081
296.44 118.36819 1.91926952462 39.1820075 -86.522085
296.44 118.5581 1.9343215457 39.1820075 -86.522085
297.36 118.74801 1.94723275676 39.1820086667 -86.5220888333
297.21 118.93792 1.97300516326 39.1820086667 -86.5220888333
297.21 119.15496 1.98150701139 39.18201 -86.5220928333
297.21 119.34487 1.9972610424 39.18201 -86.5220928333
296.45 119.53478 2.00463972218 39.1820113333 -86.522097
295.11 119.75182 2.02257298345 39.1820113333 -86.522097
294.66 119.94173 2.03090006737 39.1820126667 -86.5221011667
293.34 120.15877 2.04482921314 39.1820126667 -86.5221011667
293.34 120.37581 2.06364904541 39.1820136667 -86.5221055
291.28 120.56572 2.06208056548 39.1820136667 -86.5221055
289.25 120.78276 2.05895074751 39.1820148333 -86.5221098333
286.62 120.97267 2.05910701275 39.1820148333 -86.5221098333
286.62 121.18971 2.06490554837 39.1820155 -86.5221143333
284.34 121.40675 2.06443418049 39.1820155 -86.5221143333
280.95 121.59666 2.05334095209 39.182016 -86.522119
277.81 121.8137 2.05085751002 39.182016 -86.522119
277.81 122.00361 2.03944929715 39.182016 -86.5221235
270.34 122.22065 2.01566077266 39.182016 -86.5221235
267.34 122.41056 2.01775948237 39.1820156667 -86.522128
263.96 122.6276 2.02604689717 39.1820156667 -86.522128
259.9 122.81751 2.01790955746 39.182015 -86.5221325
259.9 123.00742 1.99652616087 39.182015 -86.5221325
256.03 123.22446 1.98964461719 39.1820138333 -86.5221368333
252.1 123.41437 1.98121761355 39.1820138333 -86.5221368333
247.95 123.60428 1.9678533401 39.1820123333 -86.522141
247.95 123.79419 1.9623024736 39.1820123333 -86.522141
244.82 123.9841 1.93749867885 39.1820103333 -86.5221446667
240.89 124.20114 1.94054745726 39.1820103333 -86.5221446667
237.25 124.39105 1.9099467793 39.1820081667 -86.5221483333
233.15 124.58096 1.88578536178 39.1820081667 -86.5221483333
233.15 124.77087 1.88016590437 39.1820058333 -86.5221515
229.35 124.93365 1.86735453231 39.1820058333 -86.5221515
222.52 125.12356 1.84613459445 39.1820033333 -86.5221543333
218.53 125.31347 1.83291406567 39.1820033333 -86.5221543333
218.53 125.50338 1.79697933501 39.1820005 -86.5221566667
214.77 125.66616 1.78362987312 39.1820005 -86.5221566667
211.19 125.85607 1.74958367189 39.1819976667 -86.5221586667
206.5 126.01885 1.73993420124 39.1819976667 -86.5221586667
206.5 126.18163 1.70173706329 39.1819948333 -86.52216
202.92 126.34441 1.68482854127 39.1819948333 -86.52216
199.23 126.53432 1.65391331383 39.1819918333 -86.522161
197.16 126.66997 1.63320455093 39.1819918333 -86.522161
194.99 126.83275 1.58270878544 39.181989 -86.5221615
194.99 126.99553 1.52351718329 39.181989 -86.5221615
189.56 127.13118 1.48004986089 39.1819863333 -86.5221616667
186.81 127.29396 1.45270903834 39.1819863333 -86.5221616667
182.59 127.42961 1.43458090102 39.1819835 -86.5221616667
182.59 127.56526 1.38429481096 39.1819835 -86.5221616667
174.85 127.70091 1.32831304774 39.1819811667 -86.5221611667
171.41 127.83656 1.29688307839 39.1819811667 -86.5221611667
168.24 127.94508 1.2686833762 39.1819788333 -86.5221605
168.24 128.08073 1.23181811578 39.1819788333 -86.5221605
165.65 128.18925 1.20866013276 39.1819766667 -86.5221596667
161.93 128.29777 1.19214315845 39.1819766667 -86.5221596667
159.93 128.43342 1.16862482771 39.1819746667 -86.5221583333
158.34 128.54194 1.14946379697 39.1819746667 -86.5221583333
158.34 128.65046 1.13755949686 39.1819728333 -86.5221571667
157.34 128.75898 1.12407996354 39.1819728333 -86.5221571667
156.64 128.8675 1.11223687123 39.1819708333 -86.522156
154.77 128.97602 1.09841271255 39.1819708333 -86.522156
154.77 129.08454 1.08073589866 39.1819691667 -86.5221548333
154.92 129.19306 1.06650395063 39.1819691667 -86.5221548333
154.79 129.30158 1.05653623583 39.1819675 -86.5221535
154.06 129.4101 1.05044114914 39.1819675 -86.5221535
154.06 129.51862 1.04562354029 39.1819658333 -86.5221523333
154.63 129.60001 1.04160916804 39.1819658333 -86.5221523333
153.49 129.70853 1.02814893133 39.1819641667 -86.5221511667
155.35 129.81705 1.00929258584 39.1819641667 -86.5221511667
155.35 129.92557 0.998704041817 39.1819626667 -86.5221501667
154.05 130.00696 0.993801978022 39.1819626667 -86.5221501667
154.33 130.11548 0.983320430575 39.181961 -86.5221491667
158.75 130.19687 0.973895972432 39.181961 -86.5221491667
159.74 130.30539 0.963143668572 39.1819595 -86.5221483333
159.74 130.38678 0.953597202207 39.1819595 -86.5221483333
158.68 130.4953 0.938586936968 39.1819578333 -86.5221475
162.41 130.57669 0.930794359819 39.1819578333 -86.5221475
164.51 130.68521 0.925839271089 39.1819561667 -86.5221468333
164.51 130.7666 0.924230761369 39.1819561667 -86.5221468333
166.1 130.84799 0.920686643138 39.1819546667 -86.5221463333
170.18 130.95651 0.908539079767 39.1819546667 -86.5221463333
172.03 131.0379 0.903005292062 39.181953 -86.5221456667
174.2 131.11929 0.899681456427 39.181953 -86.5221456667
174.2 131.22781 0.892783375564 39.1819515 -86.5221453333
175.75 131.3092 0.88868924629 39.1819515 -86.5221453333
177.31 131.39059 0.88755541743 39.1819498333 -86.5221451667
179.19 131.47198 0.886714187665 39.1819498333 -86.5221451667
179.19 131.5805 0.886743169042 39.1819483333 -86.522145
180.75 131.66189 0.885643206894 39.1819483333 -86.522145
182.35 131.74328 0.887758712084 39.1819468333 -86.522145
183.95 131.82467 0.895169394219 39.1819468333 -86.522145
183.95 131.93319 0.909361287079 39.1819451667 -86.5221451667
184.88 132.01458 0.920249440336 39.1819451667 -86.5221451667
185.56 132.1231 0.926598155738 39.1819438333 -86.5221453333
186.56 132.20449 0.932489912356 39.1819438333 -86.5221453333
188.11 132.31301 0.947469669984 39.1819421667 -86.5221455
188.11 132.3944 0.960824237702 39.1819421667 -86.5221455
188.73 132.50292 0.978638459041 39.1819405 -86.5221458333
192.47 132.61144 0.997932614853 39.1819405 -86.5221458333
188.8 132.69283 1.00974334735 39.1819388333 -86.5221461667
188.8 132.80135 1.02149073795 39.1819388333 -86.5221461667
188.11 132.90987 1.02725356859 39.181937 -86.5221463333
190.87 133.01839 1.03501293251 39.181937 -86.5221463333
189.11 133.12691 1.04671273148 39.1819351667 -86.5221465
189.11 133.23543 1.05276450274 39.1819351667 -86.5221465
187.18 133.34395 1.05880401186 39.1819333333 -86.5221466667
188.42 133.42534 1.06145516432 39.1819333333 -86.5221466667
185.3 133.53386 1.05583725093 39.1819315 -86.5221468333
184.57 133.64238 1.04950655681 39.1819315 -86.5221468333
184.57 133.7509 1.05137740748 39.1819298333 -86.522147
184.93 133.85942 1.05313228787 39.1819298333 -86.522147
181.72 133.96794 1.05154040541 39.181928 -86.5221468333
179.82 134.07646 1.05092942361 39.181928 -86.5221468333
179.82 134.18498 1.05040048008 39.1819261667 -86.5221468333
177.94 134.26637 1.0483305255 39.1819261667 -86.5221468333
176.69 134.37489 1.04329144395 39.1819243333 -86.5221465
174.18 134.48341 1.04554294963 39.1819243333 -86.5221465
174.18 134.59193 1.05665968219 39.1819225 -86.522146
173.54 134.70045 1.06499682041 39.1819225 -86.522146
171.65 134.80897 1.06629437195 39.1819208333 -86.5221455
170.72 134.91749 1.06182904779 39.1819208333 -86.5221455
170.05 135.02601 1.05884533427 39.1819188333 -86.522145
170.05 135.13453 1.06079113231 39.1819188333 -86.522145
170.05 135.24305 1.06566612986 39.181917 -86.5221445
169.43 135.35157 1.06738508144 39.181917 -86.5221445
166.64 135.43296 1.06478783359 39.1819153333 -86.5221438333
166.64 135.54148 1.06420310661 39.1819153333 -86.5221438333
170.36 135.65 1.06199530278 39.1819135 -86.5221433333
169.74 135.75852 1.05448303471 39.1819135 -86.5221433333
171.94 135.86704 1.05178499709 39.1819116667 -86.522143
171.94 135.97556 1.05806075969 39.1819116667 -86.522143
173.2 136.11121 1.06041797928 39.1819098333 -86.5221425
174.46 136.1926 1.05542651521 39.1819098333 -86.5221425
175.73 136.30112 1.04586538684 39.181908 -86.5221421667
177.32 136.38251 1.04152919498 39.181908 -86.5221421667
177.32 136.49103 1.04731881876 39.1819061667 -86.5221421667
179.23 136.59955 1.0541143057 39.1819061667 -86.5221421667
181.12 136.70807 1.05884533427 39.1819043333 -86.5221421667
181.12 136.81659 1.06345225776 39.1819043333 -86.5221421667
183.36 136.92511 1.06345225776 39.1819025 -86.5221423333
185.25 137.03363 1.0709664864 39.1819025 -86.5221423333
186.3 137.14215 1.08523176 39.1819006667 -86.5221425
188.88 137.25067 1.09446907903 39.1819006667 -86.5221425
188.88 137.35919 1.10498896265 39.181899 -86.5221428333
189.5 137.46771 1.11255613877 39.181899 -86.5221428333
189.89 137.57623 1.12510549888 39.181897 -86.5221433333
192.05 137.71188 1.14220494253 39.181897 -86.5221433333
193.47 137.8204 1.14446950139 39.1818951667 -86.5221436667
193.47 137.92892 1.14819899276 39.1818951667 -86.5221436667
194.36 138.03744 1.15170836694 39.1818931667 -86.5221441667
191.87 138.17309 1.14756763387 39.1818931667 -86.5221441667
189.96 138.28161 1.14263788747 39.1818913333 -86.5221445
189.96 138.39013 1.13522716432 39.1818913333 -86.5221445
191.3 138.49865 1.13101525763 39.1818895 -86.5221448333
193.17 138.60717 1.12505884304 39.1818895 -86.5221448333
188.97 138.71569 1.11759738013 39.1818876667 -86.5221451667
188.97 138.82421 1.11168998156 39.1818876667 -86.5221451667
187.7 138.93273 1.10157919526 39.1818858333 -86.5221455
185.98 139.04125 1.09222198068 39.1818858333 -86.5221455
184.21 139.14977 1.08492798017 39.181884 -86.5221456667
183.53 139.25829 1.07636253273 39.181884 -86.5221456667
183.53 139.36681 1.06095706241 39.1818821667 -86.5221456667
181.76 139.47533 1.03869808576 39.1818821667 -86.5221456667
179.67 139.58385 1.01746836677 39.1818805 -86.5221456667
177.59 139.66524 1.00231986109 39.1818805 -86.5221456667
177.59 139.77376 0.979840153129 39.1818788333 -86.5221455
176.12 139.85515 0.961505262785 39.1818788333 -86.5221455
174.35 139.96367 0.937030945638 39.1818771667 -86.5221451667
171.97 140.04506 0.918629173156 39.1818771667 -86.5221451667
171.97 140.12645 0.898132746292 39.1818756667 -86.5221446667
169.88 140.20784 0.873890162984 39.1818756667 -86.5221446667
167.78 140.28923 0.850281872885 39.1818741667 -86.5221441667
165.39 140.37062 0.825346617182 39.1818741667 -86.5221441667
162.27 140.45201 0.803851559954 39.1818728333 -86.5221435
162.27 140.5334 0.784648581427 39.1818728333 -86.5221435
159.61 140.61479 0.770892595329 39.1818715 -86.5221428333
157.82 140.69618 0.758669891782 39.1818715 -86.5221428333
156.36 140.75044 0.752713183886 39.1818703333 -86.522142
156.36 140.83183 0.742678656484 39.1818703333 -86.522142
154.85 140.91322 0.73274979744 39.1818691667 -86.5221411667
152.95 140.96748 0.724918345535 39.1818691667 -86.5221411667
151.59 141.04887 0.710695324165 39.1818681667 -86.5221403333
151.59 141.10313 0.701942873406 39.1818681667 -86.5221403333
149.7 141.18452 0.691001553626 39.1818671667 -86.5221395
147.65 141.23878 0.68546725619 39.1818671667 -86.5221395
146.54 141.32017 0.677439986017 39.1818661667 -86.5221386667
142.06 141.37443 0.672870067707 39.1818661667 -86.5221386667
142.06 141.45582 0.667555582895 39.1818651667 -86.5221376667
141.48 141.51008 0.665443427927 39.1818651667 -86.5221376667
140.68 141.59147 0.66344192302 39.1818645 -86.5221366667
137.27 141.64573 0.663620429029 39.1818645 -86.5221366667
137.27 141.72712 0.665166078258 39.1818636667 -86.5221355
135.51 141.78138 0.666538767689 39.1818636667 -86.5221355
135.94 141.86277 0.668410790835 39.181863 -86.5221343333
134.36 141.91703 0.669846529887 39.181863 -86.5221343333
130.88 141.99842 0.67230315946 39.1818621667 -86.5221333333
130.88 142.05268 0.673237400432 39.1818621667 -86.5221333333
130.71 142.13407 0.67471075079 39.1818615 -86.5221321667
129.33 142.18833 0.67471075079 39.1818615 -86.5221321667
128.09 142.26972 0.678100324919 39.1818608333 -86.5221308333
128.09 142.32398 0.682020965309 39.1818608333 -86.5221308333
126.12 142.40537 0.689053537868 39.1818601667 -86.5221295
123.65 142.45963 0.692271031614 39.1818601667 -86.5221295
122.17 142.54102 0.693598374067 39.1818595 -86.5221281667
122.17 142.59528 0.695697061388 39.1818595 -86.5221281667
118.55 142.67667 0.698815011333 39.181859 -86.5221266667
116.75 142.75806 0.704074168267 39.181859 -86.5221266667
114.8 142.81232 0.707433808766 39.1818585 -86.5221251667
112.98 142.89371 0.715889862262 39.1818585 -86.5221251667
112.98 142.9751 0.725888110017 39.181858 -86.5221236667
111.33 143.02936 0.736949449952 39.181858 -86.5221236667
109.73 143.11075 0.75187878284 39.1818575 -86.5221218333
108.64 143.19214 0.764980375571 39.1818575 -86.5221218333
108.64 143.27353 0.76881730851 39.181857 -86.5221201667
106.57 143.35492 0.772824987182 39.181857 -86.5221201667
104.82 143.43631 0.77558657557 39.1818568333 -86.5221185
103.55 143.5177 0.782972901215 39.1818568333 -86.5221185
103.55 143.57196 0.786627834155 39.1818566667 -86.5221166667
101.05 143.65335 0.791054436248 39.1818566667 -86.5221166667
98.94 143.73474 0.796208187821 39.1818563333 -86.522115
95.36 143.81613 0.803899197013 39.1818563333 -86.522115
95.36 143.89752 0.813809886616 39.1818563333 -86.522113
93.26 143.97891 0.82459406723 39.1818563333 -86.522113
91.16 144.08743 0.837292658087 39.1818563333 -86.5221111667
89.07 144.16882 0.846593877742 39.1818563333 -86.5221111667
86.65 144.25021 0.859657604563 39.1818563333 -86.5221091667
86.65 144.3316 0.872934169884 39.1818563333 -86.5221091667
84.94 144.44012 0.892254875522 39.1818565 -86.5221071667
83.57 144.52151 0.908539079767 39.1818565 -86.5221071667
82.2 144.6029 0.927136452175 39.1818568333 -86.5221051667
82.2 144.71142 0.950690097414 39.1818568333 -86.5221051667
81.15 144.81994 0.970759768141 39.1818571667 -86.522103
80.2 144.90133 0.983819632302 39.1818571667 -86.522103
79.15 145.00985 0.995881290607 39.1818575 -86.5221006667
78.14 145.11837 1.00484422222 39.1818575 -86.5221006667
78.14 145.22689 1.02041499925 39.1818581667 -86.5220985
77.57 145.30828 1.03623840807 39.1818581667 -86.5220985
77.85 145.4168 1.04841154649 39.1818585 -86.5220961667
77.66 145.52532 1.05913468145 39.1818585 -86.5220961667
77.66 145.63384 1.06349394379 39.181859 -86.5220938333
78.27 145.74236 1.06299392705 39.181859 -86.5220938333
79.02 145.85088 1.06021078546 39.1818595 -86.5220913333
79.6 145.9594 1.05987944371 39.1818595 -86.5220913333
79.6 146.06792 1.06357732565 39.1818598333 -86.5220888333
80.63 146.17644 1.06457892878 39.1818598333 -86.5220888333
81.66 146.28496 1.05934145484 39.1818603333 -86.5220865
83.36 146.36635 1.04731881876 39.1818603333 -86.5220865
85.01 146.47487 1.0340661661 39.1818605 -86.5220841667
85.01 146.58339 1.02562257589 39.1818605 -86.5220841667
86.34 146.69191 1.01697256166 39.1818608333 -86.5220816667
87.98 146.7733 1.01181449989 39.1818608333 -86.5220816667
91.65 146.88182 1.00313517711 39.181861 -86.5220793333
91.65 146.99034 0.996576329709 39.181861 -86.5220793333
93.34 147.07173 0.989885945709 39.1818608333 -86.522077
94.4 147.18025 0.986000654165 39.1818608333 -86.522077
95.73 147.28877 0.983391714089 39.1818606667 -86.5220746667
95.73 147.37016 0.980690186156 39.1818606667 -86.5220746667
96.77 147.47868 0.971663706038 39.1818605 -86.5220723333
97.37 147.56007 0.965302568847 39.1818605 -86.5220723333
98.08 147.66859 0.96482197724 39.1818603333 -86.5220701667
98.52 147.74998 0.96578363947 39.1818603333 -86.5220701667
98.52 147.8585 0.96598995941 39.18186 -86.5220678333
98.52 147.96702 0.967609187204 39.18186 -86.5220678333
98.85 148.04841 0.97048197167 39.1818598333 -86.5220656667
98.91 148.15693 0.975050997305 39.1818598333 -86.5220656667
98.91 148.23832 0.975682166361 39.1818596667 -86.5220633333
98.64 148.34684 0.973441713609 39.1818596667 -86.5220633333
97.2 148.45536 0.973721207336 39.1818595 -86.522061
96.58 148.53675 0.975998057414 39.1818595 -86.522061
96.58 148.64527 0.979769383554 39.1818591667 -86.5220588333
96.0 148.72666 0.982643752264 39.1818591667 -86.5220588333
94.89 148.83518 0.980300404683 39.1818591667 -86.5220565
93.57 148.9437 0.976033169047 39.1818591667 -86.5220565
92.14 149.02509 0.975471685902 39.1818591667 -86.5220543333
92.14 149.13361 0.976911781651 39.1818591667 -86.5220543333
90.45 149.215 0.9790975821 39.1818591667 -86.522052
89.09 149.32352 0.982786133449 39.1818591667 -86.522052
88.37 149.43204 0.995223726202 39.1818593333 -86.5220498333
88.37 149.54056 1.00933013393 39.1818593333 -86.5220498333
86.31 149.62195 1.01670578977 39.1818595 -86.5220475
85.29 149.73047 1.02110628528 39.1818595 -86.5220475
84.96 149.83899 1.02554503875 39.1818596667 -86.5220451667
84.96 149.94751 1.03363281012 39.1818596667 -86.5220451667
84.3 150.05603 1.04017152935 39.1818601667 -86.5220428333
83.93 150.13742 1.04256980364 39.1818601667 -86.5220428333
83.62 150.24594 1.0474805606 39.1818603333 -86.5220405
84.28 150.35446 1.04160916804 39.1818603333 -86.5220405
84.28 150.46298 1.03347531617 39.1818606667 -86.522038
84.3 150.5715 1.03355405714 39.1818606667 -86.522038
85.31 150.68002 1.03276718691 39.181861 -86.5220356667
85.66 150.76141 1.03284582001 39.181861 -86.5220356667
85.66 150.86993 1.02810997006 39.1818613333 -86.5220333333
86.66 150.97845 1.01800285168 39.1818613333 -86.5220333333
88.0 151.08697 1.00996887913 39.1818615 -86.522031
89.34 151.16836 1.00202371104 39.1818615 -86.522031
89.34 151.27688 0.993328964229 39.1818616667 -86.5220286667
90.34 151.35827 0.987759638839 39.1818616667 -86.5220286667
91.03 151.46679 0.974910848396 39.1818616667 -86.5220265
93.4 151.54818 0.96351992329 39.1818616667 -86.5220265
94.44 151.6567 0.951123365469 39.1818616667 -86.5220241667
94.44 151.73809 0.945093322186 39.1818616667 -86.5220241667
95.15 151.84661 0.938165012621 39.1818616667 -86.522022
95.11 151.928 0.93210547291 39.1818616667 -86.522022
95.11 152.03652 0.922094755803 39.1818616667 -86.52202
95.11 152.11791 0.918535870264 39.1818616667 -86.52202
95.53 152.1993 0.919127108883 39.1818616667 -86.5220178333
95.15 152.30782 0.915282167195 39.1818616667 -86.5220178333
95.19 152.38921 0.912511570026 39.1818616667 -86.5220158333
95.19 152.4706 0.912910730509 39.1818616667 -86.5220158333
94.85 152.57912 0.915931062422 39.1818616667 -86.5220136667
93.87 152.66051 0.919781469302 39.1818616667 -86.5220136667
93.53 152.76903 0.915591050216 39.1818616667 -86.5220116667
92.19 152.85042 0.909391767782 39.1818616667 -86.5220116667
92.19 152.93181 0.905295271781 39.1818616667 -86.5220095
90.09 153.04033 0.898906434299 39.1818616667 -86.5220095
89.05 153.12172 0.89786524142 39.181862 -86.5220075
88.02 153.20311 0.899174560037 39.181862 -86.5220075
88.02 153.2845 0.899979897831 39.181862 -86.5220055
87.34 153.39302 0.905899829711 39.181862 -86.5220055
86.33 153.47441 0.9124501917 39.1818623333 -86.5220035
85.67 153.58293 0.922721967146 39.1818623333 -86.5220035
85.67 153.66432 0.926566510707 39.1818626667 -86.5220013333
85.0 153.77284 0.932009412573 39.1818626667 -86.5220013333
85.34 153.85423 0.937646241576 39.181863 -86.5219991667
85.01 153.96275 0.948131888869 39.181863 -86.5219991667
84.68 154.04414 0.953262148203 39.1818633333 -86.521997
84.68 154.15266 0.954268017305 39.1818633333 -86.521997
85.03 154.23405 0.952659643948 39.1818635 -86.5219948333
85.36 154.34257 0.945818162803 39.1818635 -86.5219948333
86.35 154.42396 0.942794384404 39.1818638333 -86.5219926667
86.35 154.53248 0.942728864797 39.1818638333 -86.5219926667
87.65 154.61387 0.942237757866 39.181864 -86.5219905
88.63 154.72239 0.941420382387 39.181864 -86.5219905
88.96 154.80378 0.943023774765 39.1818641667 -86.5219883333
88.96 154.88517 0.946907510819 39.1818641667 -86.5219883333
89.3 154.99369 0.952425542372 39.1818643333 -86.5219861667
89.97 155.10221 0.960314101657 39.1818643333 -86.5219861667
89.98 155.1836 0.969268479154 39.1818643333 -86.521984
89.97 155.29212 0.982857339516 39.1818643333 -86.521984
89.97 155.40064 0.994785832142 39.1818645 -86.5219818333
89.65 155.48203 1.00076702324 39.1818645 -86.5219818333
89.64 155.59055 1.00135801284 39.1818646667 -86.5219796667
89.0 155.69907 1.00745614556 39.1818646667 -86.5219796667
89.0 155.78046 1.01723947359 39.1818646667 -86.5219773333
88.33 155.88898 1.02951443858 39.1818646667 -86.5219773333
86.67 155.9975 1.03750646272 39.1818648333 -86.5219751667
85.99 156.10602 1.04582507131 39.1818648333 -86.5219751667
85.99 156.21454 1.05620718651 39.1818648333 -86.5219728333
84.99 156.32306 1.0674690746 39.1818648333 -86.5219728333
83.3 156.43158 1.07576502776 39.1818651667 -86.5219705
81.63 156.5401 1.08241747457 39.1818651667 -86.5219705
79.27 156.64862 1.09787932988 39.1818655 -86.521968
79.27 156.75714 1.11246490077 39.1818655 -86.521968
77.23 156.86566 1.11722920441 39.181866 -86.5219656667
74.7 156.97418 1.12529216093 39.181866 -86.5219656667
72.65 157.0827 1.1306381897 39.1818665 -86.5219633333
72.65 157.21835 1.12964958155 39.1818665 -86.5219633333
69.89 157.32687 1.14033263282 39.1818673333 -86.5219608333
67.06 157.43539 1.15514088645 39.1818673333 -86.5219608333
64.23 157.57104 1.17668361018 39.1818681667 -86.5219586667
64.23 157.67956 1.19745747451 39.1818681667 -86.5219586667
58.1 157.81521 1.22194271044 39.1818693333 -86.5219563333
55.22 157.92373 1.233554333 39.1818693333 -86.5219563333
51.63 158.05938 1.24859837084 39.1818706667 -86.5219541667
47.57 158.1679 1.2657240028 39.1818706667 -86.5219541667
47.57 158.30355 1.286490303 39.1818723333 -86.521952
45.23 158.4392 1.30236146313 39.1818723333 -86.521952
42.73 158.57485 1.32532822041 39.1818738333 -86.5219498333
40.38 158.7105 1.33820627405 39.1818738333 -86.5219498333
40.38 158.84615 1.35396716239 39.1818756667 -86.5219478333
36.31 158.9818 1.37880744016 39.1818756667 -86.5219478333
32.09 159.11745 1.38790638428 39.1818775 -86.5219461667
31.47 159.2531 1.4153473838 39.1818775 -86.5219461667
26.77 159.41588 1.44121083665 39.1818798333 -86.5219448333
26.77 159.55153 1.45778270915 39.1818798333 -86.5219448333
23.47 159.71431 1.47297866334 39.181882 -86.5219436667
14.99 159.84996 1.48963893922 39.181882 -86.5219436667
11.53 160.01274 1.5089429366 39.1818843333 -86.5219423333
11.53 160.14839 1.50743382598 39.1818843333 -86.5219423333
8.16 160.31117 1.50084604746 39.181887 -86.5219416667
4.55 160.44682 1.48824980801 39.181887 -86.5219416667
0.57 160.6096 1.49960170241 39.1818896667 -86.5219411667
0.57 160.74525 1.50450806854 39.1818896667 -86.5219411667
357.29 160.90803 1.51772174983 39.1818925 -86.5219413333
353.76 161.07081 1.53367970605 39.1818925 -86.5219413333
350.84 161.20646 1.5499768053 39.1818951667 -86.5219418333
350.84 161.36924 1.57957580345 39.1818951667 -86.5219418333
348.12 161.61341 1.61463988573 39.1818978333 -86.5219425
343.53 161.6948 1.62197608657 39.1818978333 -86.5219425
343.17 161.85758 1.64200169461 39.1819006667 -86.5219436667
342.24 162.02036 1.64898766182 39.1819006667 -86.5219436667
342.24 162.21027 1.68923441878 39.1819033333 -86.5219451667
339.63 162.37305 1.71735624763 39.1819033333 -86.5219451667
338.7 162.56296 1.73982262409 39.1819061667 -86.5219466667
338.98 162.72574 1.75569753446 39.1819061667 -86.5219466667
338.98 162.88852 1.77117077948 39.1819088333 -86.5219483333
337.77 163.07843 1.79282323399 39.1819088333 -86.5219483333
338.94 163.26834 1.79864717582 39.1819116667 -86.5219501667
339.79 163.43112 1.80175282242 39.1819116667 -86.5219501667
339.79 163.62103 1.81988154011 39.1819143333 -86.521952
341.51 163.81094 1.83192397029 39.1819143333 -86.521952
342.76 163.97372 1.82318352261 39.1819171667 -86.5219536667
345.11 164.16363 1.82711253283 39.1819171667 -86.5219536667
345.4 164.35354 1.81113444593 39.18192 -86.521955
345.4 164.54345 1.7978128686 39.18192 -86.521955
346.66 164.70623 1.77638931448 39.1819231667 -86.5219563333
354.57 164.86901 1.74508226668 39.1819231667 -86.5219563333
359.43 165.05892 1.71583569441 39.1819261667 -86.5219576667
359.43 165.2217 1.6759818384 39.1819261667 -86.5219576667
3.35 165.38448 1.65866564773 39.1819293333 -86.5219583333
9.77 165.54726 1.6457867152 39.1819293333 -86.5219583333
9.92 165.71004 1.62372338261 39.1819323333 -86.5219585
14.29 165.87282 1.6174313819 39.1819323333 -86.5219585
14.29 166.0356 1.62343190522 39.1819353333 -86.5219581667
13.07 166.19838 1.61473598381 39.1819353333 -86.5219581667
14.5 166.36116 1.60063681416 39.1819381667 -86.5219575
16.12 166.52394 1.59715040914 39.1819381667 -86.5219575
16.12 166.68672 1.60233841247 39.181941 -86.5219566667
17.76 166.82237 1.60007041755 39.181941 -86.5219566667
19.13 167.01228 1.58594692231 39.1819436667 -86.5219558333
19.96 167.14793 1.5878961723 39.1819436667 -86.5219558333
19.96 167.31071 1.58966391281 39.1819465 -86.5219548333
20.23 167.47349 1.59724443659 39.1819465 -86.5219548333
20.23 167.63627 1.58224727358 39.1819491667 -86.5219536667
20.65 167.79905 1.58178603078 39.1819491667 -86.5219536667
20.65 167.9347 1.58882607168 39.1819518333 -86.5219526667
20.65 168.09748 1.59162231609 39.1819518333 -86.5219526667
19.8 168.26026 1.58706019304 39.1819543333 -86.5219515
17.98 168.42304 1.58095647107 39.1819543333 -86.5219515
16.3 168.58582 1.58733875497 39.181957 -86.5219503333
16.3 168.7486 1.59461584577 39.181957 -86.5219503333
15.03 168.91138 1.59059588439 39.1819596667 -86.5219493333
12.48 169.04703 1.57197948896 39.1819596667 -86.5219493333
10.53 169.20981 1.56499734656 39.1819625 -86.5219485
10.53 169.37259 1.57471669859 39.1819625 -86.5219485
8.23 169.53537 1.58150941416 39.1819653333 -86.521948
3.65 169.69815 1.58095647107 39.1819653333 -86.521948
3.02 169.8338 1.57755518083 39.181968 -86.5219476667
355.81 169.99658 1.57572273202 39.181968 -86.5219476667
355.81 170.15936 1.58169381449 39.1819708333 -86.5219476667
352.56 170.32214 1.5810486014 39.1819708333 -86.5219476667
349.59 170.48492 1.58622509355 39.1819736667 -86.5219481667
347.54 170.6477 1.60956300427 39.1819736667 -86.5219481667
347.54 170.81048 1.64518792068 39.1819765 -86.521949
344.52 170.97326 1.67143876294 39.1819765 -86.521949
343.21 171.13604 1.682425524 39.1819791667 -86.52195
339.43 171.29882 1.69144600998 39.1819791667 -86.52195
339.43 171.48873 1.71789995568 39.181982 -86.5219513333
339.33 171.65151 1.73692663252 39.181982 -86.5219513333
339.79 171.84142 1.7517299845 39.1819846667 -86.521953
338.16 172.0042 1.76391613029 39.1819846667 -86.521953
336.64 172.19411 1.78456844044 39.1819875 -86.5219546667
336.64 172.35689 1.79353434257 39.1819875 -86.5219546667
334.85 172.5468 1.79721740859 39.1819903333 -86.5219561667
329.02 172.73671 1.78927613269 39.1819903333 -86.5219561667
326.46 172.89949 1.77604045562 39.1819931667 -86.521958
326.46 173.0894 1.79590878401 39.1819931667 -86.521958
323.93 173.27931 1.81525451626 39.1819958333 -86.5219605
321.24 173.44209 1.81817410535 39.1819958333 -86.5219605
317.72 173.632 1.8125864511 39.1819983333 -86.5219631667
317.72 173.82191 1.8158619905 39.1819983333 -86.5219631667
313.96 173.98469 1.80932270757 39.1820006667 -86.521966
310.04 174.1746 1.79709836391 39.1820006667 -86.521966
306.24 174.33738 1.80366932589 39.1820026667 -86.5219691667
302.88 174.52729 1.8125864511 39.1820026667 -86.5219691667
302.88 174.7172 1.82809743279 39.1820041667 -86.5219726667
299.1 174.90711 1.82883680485 39.1820041667 -86.5219726667
294.85 175.06989 1.81186015761 39.1820055 -86.5219765
291.35 175.2598 1.80354942498 39.1820055 -86.5219765
291.35 175.44971 1.80595047594 39.1820065 -86.5219803333
283.78 175.61249 1.80619093269 39.1820065 -86.5219803333
279.97 175.8024 1.7923494748 39.182007 -86.5219846667
275.86 175.96518 1.7853904975 39.182007 -86.5219846667
275.86 176.15509 1.79140270716 39.1820071667 -86.5219886667
271.77 176.345 1.77174910207 39.1820071667 -86.5219886667
268.02 176.50778 1.76448972425 39.182007 -86.5219926667
264.27 176.69769 1.75831458198 39.182007 -86.5219926667
260.09 176.86047 1.75991139076 39.1820063333 -86.5219965
260.09 177.05038 1.77673831041 39.1820063333 -86.5219965
256.2 177.21316 1.78257516426 39.1820053333 -86.5220005
252.46 177.40307 1.77522698423 39.1820053333 -86.5220005
249.33 177.56585 1.79650337704 39.182004 -86.5220041667
249.33 177.75576 1.80462910736 39.182004 -86.5220041667
246.57 177.94567 1.8125864511 39.1820023333 -86.5220075
244.57 178.10845 1.82379631621 39.1820023333 -86.5220075
241.96 178.29836 1.82440952189 39.1820006667 -86.522011
241.96 178.48827 1.83464931025 39.1820006667 -86.522011
241.5 178.67818 1.84701436449 39.1819988333 -86.5220145
241.04 178.84096 1.82933005192 39.1819988333 -86.5220145
240.25 179.03087 1.82723558728 39.181997 -86.5220178333
240.76 179.22078 1.8301938748 39.181997 -86.5220178333
240.76 179.41069 1.83180028357 39.181995 -86.5220213333
241.89 179.57347 1.83217139384 39.181995 -86.5220213333
243.16 179.76338 1.82822061995 39.1819931667 -86.5220248333
244.18 179.95329 1.82908339513 39.1819931667 -86.5220248333
244.18 180.1432 1.81222323158 39.1819915 -86.5220283333
245.67 180.30598 1.81489022677 39.1819915 -86.5220283333
248.1 180.49589 1.8112553575 39.18199 -86.5220318333
250.86 180.6858 1.80968476521 39.18199 -86.5220318333
250.86 180.84858 1.79972099502 39.1819888333 -86.5220356667
254.19 181.03849 1.79152099842 39.1819888333 -86.5220356667
262.11 181.2284 1.78245805138 39.1819876667 -86.5220395
265.49 181.39118 1.76437497561 39.1819876667 -86.5220395
268.87 181.58109 1.77221203214 39.181987 -86.5220435
268.87 181.74387 1.76563803202 39.181987 -86.5220435
272.94 181.90665 1.75490258732 39.1819866667 -86.5220475
276.65 182.09656 1.77685467287 39.1819866667 -86.5220475
280.75 182.28647 1.79069328757 39.1819866667 -86.5220516667
280.75 182.44925 1.80486921235 39.1819866667 -86.5220516667
283.57 182.63916 1.82244871364 39.181987 -86.5220556667
286.31 182.82907 1.85079432431 39.181987 -86.5220556667
288.87 183.01898 1.85129948823 39.1819876667 -86.5220596667
288.87 183.20889 1.87445032472 39.1819876667 -86.5220596667
290.74 183.3988 1.88919949864 39.1819885 -86.5220636667
291.71 183.56158 1.89341852188 39.1819885 -86.5220636667
293.38 183.77862 1.92226115913 39.1819895 -86.5220676667
294.32 183.96853 1.92868372787 39.1819895 -86.5220676667
294.32 184.15844 1.95424576821 39.1819905 -86.5220716667
294.77 184.34835 1.95607743331 39.1819905 -86.5220716667
294.63 184.56539 1.97544735692 39.1819918333 -86.5220758333
294.05 184.7553 1.98876953526 39.1819918333 -86.5220758333
294.05 184.94521 1.98107294633 39.1819928333 -86.5220801667
293.29 185.13512 1.99168947291 39.1819928333 -86.5220801667
292.85 185.35216 2.0200129551 39.181994 -86.5220845
291.09 185.54207 2.03333538185 39.181994 -86.5220845
291.09 185.75911 2.0354710781 39.1819948333 -86.5220886667
288.95 185.94902 2.0345552306 39.1819948333 -86.5220886667
286.5 186.16606 2.02953276481 39.1819956667 -86.5220931667
284.37 186.35597 2.02680367548 39.1819956667 -86.5220931667
281.5 186.57301 2.04205885895 39.1819961667 -86.5220976667
281.5 186.76292 2.0391427283 39.1819961667 -86.5220976667
278.7 186.97996 2.02604689717 39.1819963333 -86.5221023333
271.05 187.16987 2.02242221394 39.1819963333 -86.5221023333
267.34 187.38691 2.00035346162 39.1819963333 -86.5221068333
267.34 187.57682 2.00109116389 39.1819963333 -86.5221068333
264.28 187.76673 2.00434352837 39.1819958333 -86.5221113333
260.2 187.98377 1.99271347778 39.1819958333 -86.5221113333
256.47 188.17368 1.98935283766 39.1819948333 -86.5221158333
256.47 188.36359 1.97674273224 39.1819948333 -86.5221158333
252.25 188.58063 1.96116770276 39.1819935 -86.5221201667
248.34 188.77054 1.95101351934 39.1819935 -86.5221201667
244.21 188.96045 1.93653062099 39.1819918333 -86.5221241667
240.36 189.15036 1.93473536333 39.1819918333 -86.5221241667
240.36 189.34027 1.89394722513 39.18199 -86.5221278333
236.07 189.53018 1.84928048531 39.18199 -86.5221278333
232.23 189.72009 1.8116181891 39.1819878333 -86.522131
228.36 189.88287 1.79412736411 39.1819878333 -86.522131
228.36 190.07278 1.77743671384 39.1819853333 -86.522134
220.74 190.23556 1.75014798091 39.1819853333 -86.522134
217.15 190.39834 1.71964213729 39.1819826667 -86.5221363333
213.53 190.58825 1.67443029069 39.1819826667 -86.5221363333
213.53 190.75103 1.65019122924 39.18198 -86.5221383333
209.57 190.88668 1.61858930915 39.18198 -86.5221383333
206.24 191.04946 1.58437245971 39.1819771667 -86.5221398333
202.61 191.21224 1.55086281011 39.1819771667 -86.5221398333
199.1 191.37502 1.52104019734 39.1819743333 -86.5221408333
199.1 191.51067 1.50092907723 39.1819743333 -86.5221408333
195.54 191.64632 1.46534129085 39.1819718333 -86.5221418333
191.98 191.8091 1.4242634259 39.1819718333 -86.5221418333
187.84 191.94475 1.37649893455 39.1819693333 -86.5221421667
187.84 192.05327 1.34284270441 39.1819693333 -86.5221421667
183.86 192.18892 1.30933806283 39.1819668333 -86.522142
180.42 192.32457 1.28820065524 39.1819668333 -86.522142
174.49 192.46022 1.26684693687 39.1819645 -86.5221416667
174.49 192.56874 1.24773703091 39.1819645 -86.5221416667
171.38 192.70439 1.21488420204 39.1819623333 -86.5221411667
168.86 192.81291 1.19329671006 39.1819623333 -86.5221411667
164.73 192.92143 1.1848025678 39.1819601667 -86.5221403333
162.53 193.05708 1.16877585836 39.1819601667 -86.5221403333
162.53 193.1656 1.15391264035 39.1819581667 -86.5221393333
161.43 193.27412 1.14095605366 39.1819581667 -86.5221393333
158.05 193.38264 1.13494222966 39.1819563333 -86.5221381667
157.93 193.49116 1.12805263814 39.1819563333 -86.5221381667
157.93 193.59968 1.11971910854 39.1819545 -86.5221371667
156.64 193.7082 1.11082517196 39.1819545 -86.5221371667
156.22 193.84385 1.10184762214 39.1819528333 -86.522136
156.09 193.95237 1.09442492941 39.1819528333 -86.522136
156.09 194.06089 1.08471109867 39.181951 -86.522135
155.37 194.14228 1.07683246676 39.181951 -86.522135
155.21 194.2508 1.06583358869 39.1819493333 -86.5221338333
153.77 194.35932 1.05983804055 39.1819493333 -86.5221338333
156.51 194.46784 1.05723614683 39.1819476667 -86.5221328333
156.51 194.57636 1.05166268703 39.1819476667 -86.5221328333
157.34 194.68488 1.04703589071 39.1819458333 -86.5221318333
157.81 194.7934 1.0424496273 39.1819458333 -86.5221318333
158.93 194.90192 1.03386914107 39.1819443333 -86.5221308333
158.93 194.98331 1.02904585625 39.1819443333 -86.5221308333
160.53 195.09183 1.02546751332 39.1819425 -86.5221301667
162.74 195.20035 1.01792646231 39.1819425 -86.5221301667
162.62 195.28174 1.01049551194 39.1819408333 -86.5221293333
162.62 195.39026 0.993219871138 39.1819408333 -86.5221293333
164.81 195.49878 0.980194154413 39.1819391667 -86.5221288333
167.26 195.58017 0.979592504333 39.1819391667 -86.5221288333
169.69 195.68869 0.978920945336 39.1819373333 -86.5221285
173.54 195.79721 0.974105773374 39.1819373333 -86.5221285
173.54 195.8786 0.971002970545 39.1819356667 -86.5221281667
175.74 195.98712 0.961062486716 39.1819356667 -86.5221281667
177.31 196.06851 0.95336263968 39.181934 -86.522128
179.54 196.17703 0.95189088485 39.181934 -86.522128
179.54 196.25842 0.955343286735 39.1819323333 -86.5221278333
180.8 196.36694 0.962357902951 39.1819323333 -86.5221278333
183.64 196.44833 0.970516687534 39.1819305 -86.522128
185.25 196.55685 0.976841434435 39.1819305 -86.522128
187.18 196.66537 0.986789626828 39.1819288333 -86.5221281667
187.18 196.74676 0.999513483643 39.1819288333 -86.5221281667
188.18 196.85528 1.0194181258 39.181927 -86.5221285
188.8 196.9638 1.03540793039 39.181927 -86.5221285
192.87 197.07232 1.04687428616 39.1819253333 -86.5221288333
192.87 197.18084 1.05826711394 39.1819253333 -86.5221288333
191.04 197.28936 1.06835180154 39.1819235 -86.5221291667
191.96 197.39788 1.07393397459 39.1819235 -86.5221291667
192.26 197.5064 1.07936004137 39.1819216667 -86.5221296667
192.26 197.61492 1.08884673115 39.1819216667 -86.5221296667
194.66 197.72344 1.09606084111 39.1819196667 -86.5221301667
191.35 197.83196 1.09716895827 39.1819196667 -86.5221301667
191.04 197.94048 1.09765723996 39.1819178333 -86.5221305
191.04 198.049 1.10135560607 39.1819178333 -86.5221305
191.04 198.15752 1.10760538885 39.181916 -86.522131
190.65 198.26604 1.11507106161 39.181916 -86.522131
189.96 198.37456 1.1199964498 39.181914 -86.5221315
188.42 198.51021 1.12627315372 39.181914 -86.5221315
188.42 198.61873 1.12543219812 39.1819121667 -86.5221318333
186.81 198.72725 1.11759738013 39.1819121667 -86.5221318333
185.51 198.83577 1.11282994258 39.1819101667 -86.522132
185.56 198.94429 1.10932632784 39.1819101667 -86.522132
185.56 199.05281 1.10982549292 39.1819083333 -86.5221321667
182.03 199.16133 1.10507897845 39.1819083333 -86.5221321667
179.82 199.26985 1.09270586814 39.1819063333 -86.5221321667
177.94 199.37837 1.08289271174 39.1819063333 -86.5221321667
176.05 199.48689 1.07858766001 39.1819045 -86.522132
176.05 199.59541 1.07751674014 39.1819045 -86.522132
173.85 199.70393 1.08129584313 39.1819026667 -86.5221316667
169.43 199.81245 1.08893413606 39.1819026667 -86.5221316667
170.05 199.92097 1.0908606007 39.1819008333 -86.522131
170.05 200.02949 1.0862745836 39.1819008333 -86.522131
168.49 200.13801 1.0792741666 39.181899 -86.5221305
168.18 200.24653 1.07850190809 39.181899 -86.5221305
167.51 200.35505 1.07923123434 39.1818971667 -86.52213
167.51 200.46357 1.0779448528 39.1818971667 -86.52213
166.33 200.57209 1.07589300868 39.1818953333 -86.5221293333
164.51 200.68061 1.06910958742 39.1818953333 -86.5221293333
166.77 200.78913 1.058680064 39.1818936667 -86.5221286667
166.77 200.89765 1.05207049791 39.1818936667 -86.5221286667
166.89 200.97904 1.05011588481 39.1818918333 -86.522128
166.59 201.08756 1.04703589071 39.1818918333 -86.522128
169.1 201.19608 1.04526098012 39.1818901667 -86.5221276667
169.75 201.3046 1.04160916804 39.1818901667 -86.5221276667
169.75 201.41312 1.0271368971 39.1818883333 -86.5221271667
170.09 201.49451 1.01328829132 39.1818883333 -86.5221271667
172.54 201.60303 0.997382324829 39.1818866667 -86.5221266667
173.72 201.71155 0.988587450809 39.1818866667 -86.5221266667
173.72 201.79294 0.979910932929 39.181885 -86.5221263333
175.81 201.90146 0.962187253963 39.181885 -86.5221263333
177.3 201.98285 0.945950071476 39.1818831667 -86.5221261667
179.68 202.09137 0.935770496327 39.1818831667 -86.5221261667
181.79 202.17276 0.932009412573 39.1818815 -86.5221263333
181.79 202.25415 0.925839271089 39.1818815 -86.5221263333
185.05 202.36267 0.911836862271 39.18188 -86.5221265
186.63 202.44406 0.900039609873 39.18188 -86.5221265
190.42 202.52545 0.889038699741 39.1818783333 -86.5221268333
190.42 203.01379 1.02156766323 39.1818783333 -86.5221268333
188.16 203.09518 0.927073090723 39.1818766667 -86.5221271667
189.19 203.17657 0.876770747156 39.1818766667 -86.5221271667
190.45 203.23083 0.703271138991 39.1818751667 -86.5221275
190.45 203.28509 0.698779014063 39.1818751667 -86.5221275
190.83 203.33935 0.627142091029 39.181874 -86.5221276667
191.33 203.39361 0.566534987158 39.181874 -86.5221276667
192.0 203.42074 0.540529436376 39.181873 -86.522128
192.29 203.475 0.464178925217 39.181873 -86.522128
192.29 203.50213 0.416199456947 39.1818723333 -86.5221283333
192.29 203.50213 0.416199456947 39.1818723333 -86.5221283333
192.68 203.52926 0.354460929437 39.1818716667 -86.5221285
192.68 203.52926 0.354460929437 39.1818716667 -86.5221285
192.68 203.52926 0.354460929437 39.1818715 -86.5221286667
192.97 203.52926 0.354460929437 39.1818715 -86.5221286667
193.26 203.52926 0.354460929437 39.1818713333 -86.5221286667
192.97 203.52926 0.354460929437 39.1818713333 -86.5221286667
192.97 203.55639 0.18133133271 39.1818713333 -86.5221286667
192.97 203.55639 0.18133133271 39.1818713333 -86.5221286667
192.49 203.58352 0.158832379079 39.1818713333 -86.5221286667
191.73 203.58352 0.158832379079 39.1818713333 -86.5221286667
191.65 203.61065 0.149487547661 39.1818713333 -86.5221285
191.65 203.63778 0.146352324954 39.1818713333 -86.5221285
192.4 203.69204 0.146474004729 39.1818713333 -86.5221285
192.31 203.7463 0.158788687881 39.1818713333 -86.5221285
192.69 203.80056 0.352297645791 39.1818701667 -86.522129
192.69 203.85482 0.456847357166 39.1818701667 -86.522129
193.36 203.90908 0.515794562738 39.1818691667 -86.5221291667
195.28 203.96334 0.55481061737 39.1818691667 -86.5221291667
196.07 204.0176 0.582505882858 39.1818681667 -86.5221295
196.07 204.07186 0.599270956199 39.1818681667 -86.5221295
197.6 204.15325 0.622066171413 39.1818671667 -86.52213
198.98 204.20751 0.637471663534 39.1818671667 -86.52213
200.92 204.2889 0.668427258617 39.181866 -86.5221305
202.16 204.37029 0.698455205437 39.181866 -86.5221305
202.16 204.42455 0.719745165141 39.1818648333 -86.5221311667
204.78 204.50594 0.75015328891 39.1818648333 -86.5221311667
208.14 204.58733 0.780495210149 39.1818636667 -86.5221316667
208.17 204.66872 0.806743800178 39.1818636667 -86.5221316667
208.17 204.75011 0.820901482602 39.1818623333 -86.5221326667
208.91 204.8315 0.833639391612 39.1818623333 -86.5221326667
212.26 204.96715 0.856455394911 39.181861 -86.5221336667
215.78 205.02141 0.866632402734 39.181861 -86.5221336667
215.78 205.1028 0.880155523114 39.1818596667 -86.5221348333
220.64 205.21132 0.905023483888 39.1818596667 -86.5221348333
223.63 205.29271 0.926155321909 39.1818585 -86.5221361667
226.39 205.40123 0.95175731425 39.1818585 -86.5221361667
229.83 205.48262 0.977017321474 39.1818573333 -86.5221378333
229.83 205.59114 1.01533602784 39.1818573333 -86.5221378333
233.18 205.69966 1.03873785367 39.1818563333 -86.5221393333
236.47 205.80818 1.06704924093 39.1818563333 -86.5221393333
240.25 205.9167 1.0994810342 39.1818553333 -86.5221415
240.25 206.05235 1.14167623296 39.1818553333 -86.5221415
244.21 206.16087 1.175358229 39.1818543333 -86.5221438333
247.37 206.26939 1.20196677299 39.1818543333 -86.5221438333
251.31 206.40504 1.22891670064 39.1818533333 -86.5221461667
251.31 206.54069 1.24259384446 39.1818533333 -86.5221461667
255.42 206.64921 1.26472095842 39.1818525 -86.5221488333
260.29 206.78486 1.29477875346 39.1818525 -86.5221488333
268.86 206.92051 1.29601576383 39.181852 -86.5221516667
271.86 207.05616 1.33235741295 39.181852 -86.5221516667
271.86 207.19181 1.35133705235 39.1818518333 -86.5221548333
276.23 207.32746 1.36658409308 39.1818518333 -86.5221548333
279.96 207.46311 1.39425427823 39.181852 -86.5221581667
283.05 207.59876 1.39096611125 39.181852 -86.5221581667
283.05 207.73441 1.38641698605 39.1818521667 -86.522161
286.73 207.87006 1.39964888568 39.1818521667 -86.522161
290.34 208.03284 1.41276786086 39.1818528333 -86.522164
294.89 208.16849 1.43405010836 39.1818528333 -86.522164
294.89 208.30414 1.43140202596 39.1818536667 -86.5221673333
297.21 208.43979 1.43617563919 39.1818536667 -86.5221673333
300.73 208.60257 1.45450029486 39.1818548333 -86.5221701667
303.91 208.73822 1.46637087882 39.1818548333 -86.5221701667
306.84 208.901 1.49621099653 39.1818561667 -86.5221731667
306.84 209.03665 1.51678839381 39.1818561667 -86.5221731667
312.18 209.19943 1.53437360027 39.1818575 -86.5221756667
315.72 209.36221 1.54556192321 39.1818575 -86.5221756667
318.83 209.52499 1.55959956312 39.1818591667 -86.5221783333
318.83 209.66064 1.58068014449 39.1818591667 -86.5221783333
320.81 209.82342 1.60508749926 39.1818611667 -86.5221811667
322.77 209.9862 1.61319978594 39.1818611667 -86.5221811667
324.65 210.14898 1.63369627266 39.1818631667 -86.5221836667
324.65 210.31176 1.65159761368 39.1818631667 -86.5221836667
329.23 210.50167 1.67670687844 39.1818655 -86.5221858333
331.79 210.66445 1.70227092483 39.1818655 -86.5221858333
334.68 210.82723 1.73915346154 39.181868 -86.5221878333
337.56 211.01714 1.76724817613 39.181868 -86.5221878333
337.56 211.17992 1.77685467287 39.1818705 -86.5221896667
340.2 211.36983 1.80151354582 39.1818705 -86.5221896667
343.21 211.55974 1.82539150912 39.1818733333 -86.5221911667
348.33 211.74965 1.84137328628 39.1818733333 -86.5221911667
348.33 211.93956 1.87057322118 39.1818765 -86.5221923333
350.66 212.12947 1.8936828366 39.1818765 -86.5221923333
353.2 212.31938 1.90311405724 39.1818795 -86.5221935
355.54 212.50929 1.91250486395 39.1818795 -86.5221935
355.54 212.6992 1.90538619285 39.1818826667 -86.5221941667
358.18 212.88911 1.91642254715 39.1818826667 -86.5221941667
0.53 213.07902 1.92403333097 39.181886 -86.5221946667
2.87 213.26893 1.92526213454 39.181886 -86.5221946667
4.95 213.45884 1.91764164546 39.1818895 -86.5221948333
4.95 213.64875 1.92335133986 39.1818895 -86.5221948333
7.55 213.83866 1.93033041622 39.181893 -86.5221948333
9.33 214.02857 1.93101736655 39.181893 -86.5221948333
11.19 214.24561 1.92321499965 39.1818961667 -86.5221941667
11.19 214.43552 1.94096394334 39.1818961667 -86.5221941667
13.26 214.62543 1.95017208166 39.1818996667 -86.5221936667
17.28 214.81534 1.93763705185 39.1818996667 -86.5221936667
22.45 215.00525 1.95129415995 39.1819031667 -86.5221928333
22.45 215.19516 1.95904354105 39.1819031667 -86.5221928333
20.9 215.4122 1.96372278518 39.1819065 -86.5221916667
22.38 215.60211 1.96329647587 39.1819065 -86.5221916667
25.37 215.79202 1.98426051342 39.1819096667 -86.5221901667
27.85 215.98193 1.98353516596 39.1819096667 -86.5221901667
27.85 216.19897 1.98920697998 39.1819128333 -86.5221885
26.95 216.38888 1.99946893655 39.1819128333 -86.5221885
30.19 216.60592 2.00301173865 39.1819161667 -86.5221865
32.22 216.79583 2.02922916978 39.1819161667 -86.5221865
32.22 217.01287 2.04544586852 39.1819191667 -86.5221845
32.09 217.20278 2.06333515857 39.1819191667 -86.5221845
33.23 217.41982 2.0699468986 39.1819223333 -86.5221823333
34.06 217.63686 2.08169983887 39.1819223333 -86.5221823333
34.06 217.82677 2.0955274581 39.1819255 -86.5221798333
37.61 218.04381 2.12357498435 39.1819255 -86.5221798333
38.71 218.26085 2.14880357991 39.1819286667 -86.5221771667
39.62 218.47789 2.1554615079 39.1819286667 -86.5221771667
39.62 218.69493 2.1725491672 39.1819315 -86.5221743333
41.37 218.91197 2.18409225568 39.1819315 -86.5221743333
42.55 219.12901 2.18286217717 39.1819345 -86.5221711667
44.06 219.34605 2.21838053966 39.1819345 -86.5221711667
45.15 219.59022 2.24147339722 39.1819375 -86.5221678333
45.15 219.80726 2.2461125921 39.1819375 -86.5221678333
47.13 220.0243 2.24909176822 39.1819403333 -86.5221645
48.02 220.24134 2.26335146409 39.1819403333 -86.5221645
49.35 220.48551 2.25507389244 39.1819431667 -86.5221608333
49.35 220.70255 2.27530979537 39.1819431667 -86.5221608333
50.24 220.94672 2.28700952542 39.1819458333 -86.522157
51.29 221.16376 2.30273247326 39.1819458333 -86.522157
54.17 221.3808 2.29532944162 39.1819485 -86.5221533333
55.93 221.62497 2.29746752477 39.1819485 -86.5221533333
55.93 221.84201 2.30195095876 39.181951 -86.5221493333
57.38 222.08618 2.30351451859 39.181951 -86.5221493333
58.39 222.30322 2.30077968114 39.1819535 -86.5221451667
59.58 222.54739 2.30175566302 39.1819535 -86.5221451667
59.58 222.76443 2.29707848616 39.1819556667 -86.5221408333
60.62 223.0086 2.28546828405 39.1819556667 -86.5221408333
60.75 223.22564 2.2891321296 39.181958 -86.5221365
61.36 223.46981 2.2937769699 39.181958 -86.5221365
61.36 223.68685 2.28874590855 39.18196 -86.522132
63.03 223.93102 2.29649517522 39.18196 -86.522132
63.58 224.14806 2.28335246591 39.181962 -86.5221276667
63.89 224.3651 2.27626428392 39.181962 -86.5221276667
64.63 224.60927 2.28200807469 39.1819638333 -86.522123
64.63 224.82631 2.27894111718 39.1819638333 -86.522123
65.59 225.07048 2.28797385731 39.1819656667 -86.5221185
65.59 225.28752 2.28200807469 39.1819656667 -86.5221185
65.91 225.53169 2.28316031305 39.1819675 -86.522114
65.91 225.74873 2.27188025456 39.1819675 -86.522114
65.91 225.96577 2.28258404846 39.1819693333 -86.5221093333
66.33 226.20994 2.27702845153 39.1819693333 -86.5221093333
66.65 226.42698 2.28508329824 39.181971 -86.5221046667
66.65 226.64402 2.27645527773 39.181971 -86.5221046667
66.86 226.88819 2.26732358349 39.1819728333 -86.5221001667
67.4 227.10523 2.26467395659 39.1819728333 -86.5221001667
67.2 227.3494 2.27130966932 39.1819745 -86.5220955
67.32 227.56644 2.25976961519 39.1819745 -86.5220955
67.32 227.78348 2.2627851543 39.1819761667 -86.5220908333
67.95 228.00052 2.25544883199 39.1819761667 -86.5220908333
68.38 228.32608 2.24110308938 39.1819778333 -86.5220861667
67.95 228.46173 2.23243594174 39.1819778333 -86.5220861667
67.95 228.67877 2.21765522315 39.1819793333 -86.5220815
67.85 228.89581 2.18268656476 39.1819793333 -86.5220815
67.76 229.11285 2.16026705948 39.1819808333 -86.5220768333
67.1 229.32989 2.13275638708 39.1819808333 -86.5220768333
67.1 229.54693 2.10888410416 39.1819825 -86.5220723333
67.3 229.73684 2.07042078755 39.1819825 -86.5220723333
66.77 229.95388 2.06270767125 39.181984 -86.5220681667
66.02 230.14379 2.02136745641 39.181984 -86.5220681667
65.69 230.36083 1.97688676771 39.1819853333 -86.5220638333
65.69 230.55074 1.97142813545 39.1819853333 -86.5220638333
65.36 230.74065 1.95621847285 39.181987 -86.5220598333
65.47 230.93056 1.92307867876 39.181987 -86.5220598333
64.71 231.12047 1.89752370961 39.1819885 -86.522056
64.71 231.31038 1.878603656 39.1819885 -86.522056
64.15 231.50029 1.86248328414 39.18199 -86.522052
63.26 231.6902 1.83564235453 39.18199 -86.522052
62.48 231.85298 1.82846704408 39.1819915 -86.5220483333
62.48 232.04289 1.82232630306 39.1819915 -86.5220483333
62.36 232.2328 1.80667203836 39.181993 -86.5220448333
62.55 232.42271 1.79817033404 39.181993 -86.5220448333
61.31 232.58549 1.79709836391 39.1819945 -86.5220411667
60.99 232.7754 1.78550799605 39.1819945 -86.5220411667
60.99 232.93818 1.75706197785 39.1819958333 -86.5220376667
60.53 233.12809 1.7427282888 39.1819958333 -86.5220376667
60.35 233.29087 1.74440905292 39.1819975 -86.5220341667
60.17 233.45365 1.73514927091 39.1819975 -86.5220341667
60.17 233.64356 1.71637843993 39.181999 -86.5220308333
59.99 233.80634 1.7026982553 39.181999 -86.5220308333
59.25 233.96912 1.70344660011 39.1820006667 -86.5220276667
58.94 234.1319 1.69472134424 39.1820006667 -86.5220276667
58.8 234.32181 1.67226294379 39.1820021667 -86.5220245
58.8 234.48459 1.66548766114 39.1820021667 -86.5220245
58.63 234.64737 1.66763747004 39.1820038333 -86.5220213333
58.32 234.81015 1.66395547378 39.1820038333 -86.5220213333
57.71 234.97293 1.65059280891 39.1820055 -86.5220181667
57.71 235.13571 1.64239929778 39.1820055 -86.5220181667
57.1 235.29849 1.64041320515 39.1820071667 -86.5220151667
56.48 235.46127 1.62967287362 39.1820071667 -86.5220151667
55.7 235.62405 1.60139263369 39.1820086667 -86.522012
55.7 235.78683 1.55370484481 39.1820086667 -86.522012
55.24 235.92248 1.50084604746 39.1820103333 -86.5220091667
54.79 236.08526 1.50651307679 39.1820103333 -86.5220091667
54.33 236.22091 1.46915005144 39.1820118333 -86.5220063333
54.03 236.35656 1.3906809165 39.1820118333 -86.5220063333
54.03 236.49221 1.35878168979 39.1820135 -86.5220036667
53.57 236.62786 1.32558723799 39.1820135 -86.5220036667
52.93 236.76351 1.28253729791 39.182015 -86.5220013333
52.11 236.87203 1.23299372841 39.182015 -86.5220013333
52.11 236.98055 1.18521663536 39.1820163333 -86.521999
51.81 237.08907 1.14057232942 39.1820163333 -86.521999
51.7 237.19759 1.0974796327 39.1820176667 -86.5219968333
51.34 237.30611 1.05497507485 39.1820176667 -86.5219968333
51.34 237.41463 1.0078678257 39.1820188333 -86.5219951667
51.34 237.49602 0.970690304114 39.1820188333 -86.5219951667
50.87 237.57741 0.930634720269 39.18202 -86.5219933333
50.39 237.6588 0.884027174976 39.18202 -86.5219933333
50.02 237.74019 0.834434212954 39.182021 -86.5219918333
50.02 237.82158 0.787495471961 39.182021 -86.5219918333
49.73 237.90297 0.741319033827 39.182022 -86.5219905
49.83 237.95723 0.706899270453 39.182022 -86.5219905
49.25 238.01149 0.668905177515 39.1820228333 -86.5219893333
49.25 238.06575 0.628303976286 39.1820228333 -86.5219893333
49.63 238.12001 0.585839087906 39.1820235 -86.5219883333
49.45 238.17427 0.538533793843 39.1820235 -86.5219883333
49.45 238.2014 0.51361706075 39.1820241667 -86.5219875
49.45 238.25566 0.452708059403 39.1820241667 -86.5219875
49.16 238.28279 0.415746636428 39.1820246667 -86.5219868333
49.63 238.30992 0.370710163146 39.1820246667 -86.5219868333
48.69 238.30992 0.370710163146 39.182025 -86.5219863333
48.88 238.30992 0.370710163146 39.182025 -86.5219863333
48.88 238.33705 0.290560477221 39.1820251667 -86.5219861667
48.78 238.33705 0.290560477221 39.1820251667 -86.5219861667
48.69 238.33705 0.290560477221 39.1820251667 -86.521986
48.97 238.33705 0.290560477221 39.1820251667 -86.521986
48.97 238.33705 0.290560477221 39.1820251667 -86.521986
49.16 238.33705 0.290560477221 39.1820251667 -86.521986
49.16 238.33705 0.290560477221 39.1820251667 -86.521986
49.63 238.33705 0.290560477221 39.1820251667 -86.521986
49.63 238.33705 0.290560477221 39.1820251667 -86.521986
48.97 238.33705 0.290560477221 39.1820251667 -86.521986
49.45 238.33705 0.027130794 39.1820251667 -86.521986
49.25 238.33705 0.027130794 39.1820251667 -86.521986
49.25 238.33705 0.027130794 39.1820251667 -86.521986
49.25 238.33705 0.027130794 39.1820251667 -86.521986
49.16 238.33705 0.027130794 39.1820251667 -86.521986
49.25 238.33705 0.027130794 39.1820251667 -86.521986
48.97 238.33705 0.027130794 39.1820251667 -86.521986
48.97 238.33705 0.027130794 39.1820251667 -86.521986
49.45 238.33705 0.027130794 39.1820251667 -86.521986
49.45 238.33705 0.027130794 39.1820251667 -86.521986
49.25 238.33705 0.027130794 39.1820251667 -86.521986
49.25 238.33705 0.027130794 39.1820301667 -86.5219901667
49.45 238.33705 0.027130794 39.1820301667 -86.5219901667
49.45 238.33705 0.027130794 39.1820301667 -86.5219901667
49.45 238.33705 0.027130794 39.1820301667 -86.5219901667
49.25 238.33705 0.027130794 39.1820301667 -86.5219901667
49.45 238.33705 0.027130794 39.1820301667 -86.5219901667
49.45 238.33705 0.027130794 39.1820301667 -86.5219901667
49.45 238.33705 0.027130794 39.1820301667 -86.5219901667
49.45 238.33705 0.027130794 39.1820301667 -86.5219901667
49.45 238.33705 0.027130794 39.1820301667 -86.5219901667
49.45 238.33705 0.027130794 39.1820301667 -86.5219901667
49.45 238.33705 0.027130794 39.1820301667 -86.5219901667
49.16 238.33705 0.027130794 39.1820301667 -86.5219901667
49.25 238.33705 0.027130794 39.1820301667 -86.5219901667
49.45 238.33705 0.027130794 39.1820301667 -86.5219901667
49.45 238.33705 0.027130794 39.1820301667 -86.5219901667
49.25 238.33705 0.027130794 39.1820301667 -86.5219901667
49.45 238.33705 0.027130794 39.1820301667 -86.5219901667
49.45 238.36418 0.128415812716 39.18203 -86.5219901667
49.45 238.36418 0.128415812716 39.18203 -86.5219901667
49.45 238.36418 0.128415812716 39.18203 -86.5219901667
49.16 238.36418 0.128415812716 39.18203 -86.5219901667
49.63 238.36418 0.128415812716 39.18203 -86.5219901667
49.25 238.36418 0.128415812716 39.18203 -86.5219901667
49.25 238.36418 0.128415812716 39.18203 -86.5219901667